1,0,0,0,0,0,0,0,0,0,0,0,0,0,0,0,0,0,0,0,0,0,0,0,0,0,0,0,0,0,0,0,0,0,0,0,0,0,0,0,0,0,0,0,0,0,0,0,0,0,0,0,0,0,0,0,0,0,0,0,0,0,0,0,0,0,0,0,0,0,0,0,0,0,0,0,0,0,0,0,0,0,0,0,0,0,0,0,0,0,0,0,0,0,0,0,0,0,0,0,0,0,0,0,0,0,0,0,0,0,0,0,0,0,0,0,0,0,0,0,0,0,0,0,0,0,0,0,0,0,0,0,0,0,0,0,0,0,0,0,0,0,0,0,0,0,0,0,0,0,0,0,0,0,0,0,0,0,0,0,0,0,0,0,0,0,0,0,0,0,0,0,0,0,0,0,0,0,0,0,0,0,0,0,0,0,0,0,0,0,0,0,0,0,0,0,0,0,0,0,0,0,0,0,0,0,0,0,0,0,0,0,0,0,0,0,0,0,0,0,0,0,0,0,0,0,0,0,0,0,0,0,0,0,0,0,0,0,0,0
0,1,0.430544611,0.430544611,0.768937335,0.704662598,0.737828891,0.430544611,0,0.423216112,0,0.860730336,0.715408884,0,0,0,0.507664856,0.430544611,0.434230258,0.733868654,0.715599182,0.737583628,0.737583628,0.512993794,0.428807416,0,0.761555162,0.649760747,0,0.438343077,0,0.735237101,0,0,0.512993794,0.735099901,0.709549098,0.430544611,0.543578654,0,0,0.430544611,0.704662598,0,0.724580401,0.739620105,0.555798847,0.430544611,0.428046637,0.563674582,0,0.753967232,0.430544611,0.699463753,0.737583628,0.430544611,0.430544611,0.704662598,0,0.688543737,0.740309697,0.746969361,0.601768782,0.737583628,0,0,0.710792931,0.430544611,0.735989202,0,0,0.649760747,0.757216317,0.738000506,0.709549098,0.438343077,0,0.737583628,0,0,0.751263059,0,0.77148763,0.737583628,0.698997855,0.681168647,0.709549098,0,0,0.613799657,0.430544611,0.704662598,0.757412362,0.752102215,0.76347841,0.511892033,0,0.737583628,0,0,0.709549098,0.710792931,0.738776094,0.543743731,0,0.718479319,0,0,0.704878714,0.430544611,0.726175517,0.430544611,0,0.429019935,0.430544611,0.701512285,0,0.737583628,0.704662598,0.735335229,0.683135811,0.741234394,0,0.76331579,0.704662598,0.445647151,0.699463753,0,0.68821232,0,0.708658373,0.748965247,0.878432081,0.710792931,0,0,0.737583628,0,0,0.430544611,0.704662598,0.704662598,0.735989202,0,0.735989202,0,0.741130396,0,0.735335229,0.649760747,0,0.434230258,0.704662598,0.728139803,0.503943958,0.681168647,0.690164757,0.735989202,0.505068999,0.649760747,0.746501021,0.710792931,0.948455636,0.516355006,0.495630863,0.737583628,0,0,0.652912853,0.434230258,0,0.758308233,0.681168647,0.725440325,0,0.708658373,0.737469176,0.738000506,0.797860317,0.424062429,0.440665795,0.735223796,0.69698808,0,0.710792931,0.649760747,0.770567483,0.738000506,0.710792931,0.727984341,0.742352074,0.758708383,0.768571815,0,0.706286063,0.512963463,0.704190451,0.739043339,0,0.770567483,0.709549098,0,0.722956049,0.891936613,0.855984891,0.430544611,0.430544611,0.716725664,0.744877825,0.649760747,0.430544611,0,0,0.698195597,0.649760747,0.708651573,0.774197624,0.430544611,0.434230258,0.744104009,0.7686094,0.802824248,0,0.770567483,0.430544611,0.716298108,0.878432081,0.694254897,0.512993794,0.762574553,0,0.430544611,0.859705684,0.81810117,0.765875592,0,0.710792931,0.430544611,0.726928945,0
0,0.430544611,1,1,0.341685445,0.510866878,0.474451246,1,0,0.545426589,0,0.522027901,0.396376838,0,0,0,0.481187644,1,0.637562762,0.339647779,0.523869167,0.482143377,0.482143377,0.545426589,0.566393978,0,0.409732258,0.779900332,0,0.700438484,0,0.378583747,0,0,0.545426589,0.4028204,0.47310154,1,0.515732441,0,0,1,0.510866878,0,0.416997749,0.494090652,0.586929637,1,0.582897404,0.442888384,0,0.333041384,1,0.481694087,0.482143377,1,1,0.510866878,0,0.352229581,0.454607091,0.36839748,0.601138238,0.482143377,0,0,0.586929637,1,0.510866878,0,0,0.779900332,0.401329519,0.545426589,0.47310154,0.700438484,0,0.482143377,0,0,0.426612441,0,0.496972775,0.482143377,0.43446589,0.637562762,0.47310154,0,0,0.465603854,1,0.510866878,0.482143377,0.334781735,0.392672407,0.637562762,0,0.482143377,0,0,0.47310154,0.586929637,0.409104891,0.539444003,0,0.442854254,0,0,0.426895876,1,0.38369409,1,0,0.586929637,1,0.32066057,0,0.482143377,0.510866878,0.446603616,0.516282622,0.331790013,0,0.334745898,0.510866878,0.690841594,0.481694087,0,0.358997983,0,0.436161339,0.509741359,0.515732441,0.586929637,0,0,0.482143377,0,0,1,0.510866878,0.510866878,0.510866878,0,0.510866878,0,0.465559003,0,0.446603616,0.779900332,0,0.637562762,0.510866878,0.375997024,0.481694087,0.637562762,0.413966411,0.510866878,0.497840014,0.779900332,0.376676409,0.586929637,0.500885367,0.586929637,0.425853391,0.482143377,0,0,0.447103536,0.637562762,0,0.545426589,0.637562762,0.299710899,0,0.436161339,0.429861888,0.545426589,0.497840014,0.523692707,0.591952111,0.534920301,0.520732985,0,0.586929637,0.779900332,0.545426589,0.545426589,0.586929637,0.482143377,0.506918796,0.510866878,0.312087348,0,0.323965223,0.46525558,0.437954721,0.347090727,0,0.545426589,0.47310154,0,0.38898689,0.415363223,0.438372989,1,1,0.366189934,0.472958583,0.779900332,1,0,0,0.586929637,0.779900332,0.545426589,0.333951853,1,0.637562762,0.347887613,0.333086497,0.515732441,0,0.545426589,1,0.414560664,0.515732441,0.408010903,0.545426589,0.460226343,0,1,0.455274923,0.539444003,0.322695276,0,0.586929637,1,0.395588636,0
0,0.430544611,1,1,0.341685445,0.510866878,0.474451246,1,0,0.545426589,0,0.522027901,0.396376838,0,0,0,0.481187644,1,0.637562762,0.339647779,0.523869167,0.482143377,0.482143377,0.545426589,0.566393978,0,0.409732258,0.779900332,0,0.700438484,0,0.378583747,0,0,0.545426589,0.4028204,0.47310154,1,0.515732441,0,0,1,0.510866878,0,0.416997749,0.494090652,0.586929637,1,0.582897404,0.442888384,0,0.333041384,1,0.481694087,0.482143377,1,1,0.510866878,0,0.352229581,0.454607091,0.36839748,0.601138238,0.482143377,0,0,0.586929637,1,0.510866878,0,0,0.779900332,0.401329519,0.545426589,0.47310154,0.700438484,0,0.482143377,0,0,0.426612441,0,0.496972775,0.482143377,0.43446589,0.637562762,0.47310154,0,0,0.465603854,1,0.510866878,0.482143377,0.334781735,0.392672407,0.637562762,0,0.482143377,0,0,0.47310154,0.586929637,0.409104891,0.539444003,0,0.442854254,0,0,0.426895876,1,0.38369409,1,0,0.586929637,1,0.32066057,0,0.482143377,0.510866878,0.446603616,0.516282622,0.331790013,0,0.334745898,0.510866878,0.690841594,0.481694087,0,0.358997983,0,0.436161339,0.509741359,0.515732441,0.586929637,0,0,0.482143377,0,0,1,0.510866878,0.510866878,0.510866878,0,0.510866878,0,0.465559003,0,0.446603616,0.779900332,0,0.637562762,0.510866878,0.375997024,0.481694087,0.637562762,0.413966411,0.510866878,0.497840014,0.779900332,0.376676409,0.586929637,0.500885367,0.586929637,0.425853391,0.482143377,0,0,0.447103536,0.637562762,0,0.545426589,0.637562762,0.299710899,0,0.436161339,0.429861888,0.545426589,0.497840014,0.523692707,0.591952111,0.534920301,0.520732985,0,0.586929637,0.779900332,0.545426589,0.545426589,0.586929637,0.482143377,0.506918796,0.510866878,0.312087348,0,0.323965223,0.46525558,0.437954721,0.347090727,0,0.545426589,0.47310154,0,0.38898689,0.415363223,0.438372989,1,1,0.366189934,0.472958583,0.779900332,1,0,0,0.586929637,0.779900332,0.545426589,0.333951853,1,0.637562762,0.347887613,0.333086497,0.515732441,0,0.545426589,1,0.414560664,0.515732441,0.408010903,0.545426589,0.460226343,0,1,0.455274923,0.539444003,0.322695276,0,0.586929637,1,0.395588636,0
0,0.768937335,0.341685445,0.341685445,1,0.825261776,0.771627239,0.341685445,0,0.349930183,0,0.758818328,0.789050045,0,0,0,0.353241247,0.341685445,0.354425301,0.872701572,0.794547039,0.845876304,0.845876304,0.349930183,0.35434437,0,0.885003206,0.663118127,0,0.355317905,0,0.827975815,0,0,0.349930183,0.711717839,0.823311926,0.341685445,0.360064846,0,0,0.341685445,0.755443221,0,0.768137785,0.635413045,0.352498425,0.341685445,0.35173557,0.350277378,0,0.795281571,0.341685445,0.803155548,0.841047809,0.341685445,0.341685445,0.755443221,0,0.774319457,0.843058329,0.837375688,0.355186538,0.845876304,0,0,0.762992975,0.341685445,0.778019324,0,0,0.663118127,0.813042149,0.780713252,0.823311926,0.355317905,0,0.845876304,0,0,0.845483227,0,0.800340205,0.845876304,0.693884535,0.686804417,0.756899154,0,0,0.574769842,0.341685445,0.755443221,0.824157236,0.882935208,0.749761438,0.354425301,0,0.845876304,0,0,0.823311926,0.795047428,0.833861394,0.362629714,0,0.815718082,0,0,0.851547758,0.341685445,0.823344291,0.341685445,0,0.352498425,0.341685445,0.672537098,0,0.841047809,0.825261776,0.775685537,0.68793454,0.772783893,0,0.872638064,0.825261776,0.363305106,0.826685609,0,0.761443969,0,0.686792053,0.817124088,0.76829536,0.762992975,0,0,0.845876304,0,0,0.341685445,0.805911025,0.825261776,0.778019324,0,0.816872697,0,0.8461691,0,0.775685537,0.663118127,0,0.354425301,0.755443221,0.761740821,0.343771878,0.686804417,0.816652784,0.778019324,0.358275684,0.663118127,0.753222478,0.762992975,0.741169167,0.352498425,0.345818652,0.841047809,0,0,0.723541958,0.354425301,0,0.794244014,0.686804417,0.839646646,0,0.686792053,0.841412126,0.780713252,0.738967699,0.354271533,0.365679571,0.779735456,0.698945318,0,0.762992975,0.663118127,0.80113233,0.780713252,0.762992975,0.838150048,0.814516339,0.780343855,0.82064334,0,0.645871872,0.358367641,0.859432066,0.887109755,0,0.80113233,0.756899154,0,0.851707463,0.787188031,0.820084034,0.341685445,0.341685445,0.854427209,0.813124601,0.663118127,0.341685445,0,0,0.699997547,0.663118127,0.7917088,0.804892154,0.341685445,0.354425301,0.854594206,0.901726258,0.76829536,0,0.80113233,0.341685445,0.736609142,0.76829536,0.850870428,0.349930183,0.796538647,0,0.341685445,0.821596826,0.676226483,0.889982815,0,0.792731638,0.341685445,0.800970821,0
0,0.704662598,0.510866878,0.510866878,0.825261776,1,0.760377457,0.510866878,0,0.464080974,0,0.760201667,0.736139384,0,0,0,0.442662063,0.510866878,0.494090652,0.782658767,0.871455286,0.972460046,0.972460046,0.464080974,0.475263581,0,0.847577741,0.830461574,0,0.50833286,0,0.880077619,0,0,0.464080974,0.678572189,0.976143315,0.510866878,0.462452168,0,0,0.510866878,0.850265654,0,0.823025184,0.661858001,0.479022097,0.510866878,0.477005981,0.421954351,0,0.668242905,0.510866878,0.831914707,0.839362849,0.510866878,0.510866878,0.850265654,0,0.664107731,0.953743024,0.801860133,0.486126398,0.972460046,0,0,0.883764636,0.510866878,0.850265654,0,0,0.830461574,0.796642116,0.867950474,0.896997491,0.50833286,0,0.972460046,0,0,0.858262783,0,0.858225693,0.972460046,0.663451951,0.818412164,0.843046118,0,0,0.56768715,0.510866878,0.850265654,0.839362849,0.764610566,0.680402367,0.494090652,0,0.972460046,0,0,0.896997491,0.883764636,0.866326671,0.473982552,0,0.81159121,0,0,0.945631774,0.510866878,0.879048297,0.510866878,0,0.479022097,0.510866878,0.597272622,0,0.839362849,1,0.812437083,0.77383193,0.665270238,0,0.761249262,0.910960948,0.518680882,0.893619149,0,0.66657923,0,0.684216306,0.897179586,0.781296509,0.883764636,0,0,0.972460046,0,0,0.510866878,0.850265654,0.910960948,0.850265654,0,0.850265654,0,0.952957455,0,0.812437083,0.830461574,0,0.494090652,0.850265654,0.726299671,0.436161339,0.818412164,0.790744817,0.850265654,0.453486104,0.830461574,0.759938724,0.883764636,0.724783055,0.479022097,0.410526518,0.839362849,0,0,0.704428294,0.494090652,0,0.867950474,0.818412164,0.710248819,0,0.684216306,0.875557872,0.867950474,0.756388228,0.46086641,0.495335681,0.867311608,0.779321301,0,0.883764636,0.830461574,0.867950474,0.867950474,0.883764636,0.893314222,0.906117996,0.850265654,0.691122765,0,0.578757918,0.437797782,0.86887502,0.850813416,0,0.867950474,0.843046118,0,0.889707431,0.768450996,0.864523525,0.510866878,0.510866878,0.847222532,0.893399242,0.830461574,0.510866878,0,0,0.802947783,0.830461574,0.92664834,0.668552971,0.510866878,0.494090652,0.837801797,0.808833606,0.781296509,0,0.867950474,0.510866878,0.703858429,0.781296509,0.8371939,0.464080974,0.823517413,0,0.510866878,0.809473201,0.725924752,0.801556604,0,0.938990094,0.510866878,0.783566658,0
0,0.737828891,0.474451246,0.474451246,0.771627239,0.760377457,1,0.474451246,0,0.450286508,0,0.788555417,0.822158467,0,0,0,0.555936923,0.474451246,0.470427446,0.719371733,0.776521938,0.759661192,0.759661192,0.575998347,0.458673463,0,0.745007289,0.713463806,0,0.479088816,0,0.740396435,0,0,0.575998347,0.729084093,0.762543751,0.474451246,0.451296114,0,0,0.474451246,0.760377457,0,0.761770914,0.620700145,0.460569732,0.474451246,0.459084172,0.574165879,0,0.716689008,0.474451246,0.840746832,0.759661192,0.474451246,0.474451246,0.760377457,0,0.720810145,0.761711483,0.750836448,0.592812413,0.759661192,0,0,0.775599002,0.474451246,0.760377457,0,0,0.713463806,0.747186265,0.769146662,0.762543751,0.479088816,0,0.759661192,0,0,0.750901209,0,0.770614223,0.759661192,0.753039702,0.717761206,0.762543751,0,0,0.628816669,0.474451246,0.760377457,0.759661192,0.776248233,0.676667542,0.470427446,0,0.759661192,0,0,0.762543751,0.775599002,0.760523645,0.459834847,0,0.888255672,0,0,0.749962298,0.474451246,0.730470516,0.474451246,0,0.460569732,0.474451246,0.636981639,0,0.759661192,0.760377457,0.744496712,0.698174022,0.691710388,0,0.819808954,0.760377457,0.488187056,0.750283007,0,0.795304334,0,0.744205825,0.765571485,0.807618313,0.775599002,0,0,0.759661192,0,0,0.474451246,0.890837697,0.760377457,0.760377457,0,0.760377457,0,0.75308826,0,0.744496712,0.713463806,0,0.470427446,0.760377457,0.718325553,0.557107263,0.717761206,0.866529679,0.760377457,0.552302723,0.713463806,0.75678207,0.775599002,0.757436289,0.584444646,0.531846254,0.759661192,0,0,0.642642435,0.470427446,0,0.769146662,0.717761206,0.724423279,0,0.744205825,0.7562336,0.769146662,0.699657628,0.449056569,0.474756497,0.77336485,0.7023564,0,0.775599002,0.713463806,0.769146662,0.769146662,0.775599002,0.759661192,0.767600639,0.760377457,0.702120607,0,0.650850441,0.556404419,0.824114542,0.807905281,0,0.769146662,0.762543751,0,0.734617603,0.724866414,0.791851481,0.474451246,0.474451246,0.836269563,0.769074739,0.713463806,0.474451246,0,0,0.711663818,0.713463806,0.769146662,0.742545929,0.474451246,0.470427446,0.722025018,0.717117846,0.898231528,0,0.769146662,0.474451246,0.836514936,0.807618313,0.870880095,0.575998347,0.750437791,0,0.474451246,0.79232017,0.761805166,0.776485603,0,0.775599002,0.474451246,0.73176142,0
0,0.430544611,1,1,0.341685445,0.510866878,0.474451246,1,0,0.545426589,0,0.522027901,0.396376838,0,0,0,0.481187644,1,0.637562762,0.339647779,0.523869167,0.482143377,0.482143377,0.545426589,0.566393978,0,0.409732258,0.779900332,0,0.700438484,0,0.378583747,0,0,0.545426589,0.4028204,0.47310154,1,0.515732441,0,0,1,0.510866878,0,0.416997749,0.494090652,0.586929637,1,0.582897404,0.442888384,0,0.333041384,1,0.481694087,0.482143377,1,1,0.510866878,0,0.352229581,0.454607091,0.36839748,0.601138238,0.482143377,0,0,0.586929637,1,0.510866878,0,0,0.779900332,0.401329519,0.545426589,0.47310154,0.700438484,0,0.482143377,0,0,0.426612441,0,0.496972775,0.482143377,0.43446589,0.637562762,0.47310154,0,0,0.465603854,1,0.510866878,0.482143377,0.334781735,0.392672407,0.637562762,0,0.482143377,0,0,0.47310154,0.586929637,0.409104891,0.539444003,0,0.442854254,0,0,0.426895876,1,0.38369409,1,0,0.586929637,1,0.32066057,0,0.482143377,0.510866878,0.446603616,0.516282622,0.331790013,0,0.334745898,0.510866878,0.690841594,0.481694087,0,0.358997983,0,0.436161339,0.509741359,0.515732441,0.586929637,0,0,0.482143377,0,0,1,0.510866878,0.510866878,0.510866878,0,0.510866878,0,0.465559003,0,0.446603616,0.779900332,0,0.637562762,0.510866878,0.375997024,0.481694087,0.637562762,0.413966411,0.510866878,0.497840014,0.779900332,0.376676409,0.586929637,0.500885367,0.586929637,0.425853391,0.482143377,0,0,0.447103536,0.637562762,0,0.545426589,0.637562762,0.299710899,0,0.436161339,0.429861888,0.545426589,0.497840014,0.523692707,0.591952111,0.534920301,0.520732985,0,0.586929637,0.779900332,0.545426589,0.545426589,0.586929637,0.482143377,0.506918796,0.510866878,0.312087348,0,0.323965223,0.46525558,0.437954721,0.347090727,0,0.545426589,0.47310154,0,0.38898689,0.415363223,0.438372989,1,1,0.366189934,0.472958583,0.779900332,1,0,0,0.586929637,0.779900332,0.545426589,0.333951853,1,0.637562762,0.347887613,0.333086497,0.515732441,0,0.545426589,1,0.414560664,0.515732441,0.408010903,0.545426589,0.460226343,0,1,0.455274923,0.539444003,0.322695276,0,0.586929637,1,0.395588636,0
0,0,0,0,0,0,0,0,1,0,0,0,0,0,0,0,0,0,0,0,0,0,0,0,0,0,0,0,0,0,0,0,0,0,0,0,0,0,0,0,0,0,0,0,0,0,0,0,0,0,0,0,0,0,0,0,0,0,0,0,0,0,0,0,0,0,0,0,0,0,0,0,0,0,0,0,0,0,0,0,0,0,0,0,0,0,0,0,0,0,0,0,0,0,0,0,0,0,0,0,0,0,0,0,0,0,0,0,0,0,0,0,0,0,0,0,0,0,0,0,0,0,0,0,0,0,0,0,0,0,0,0,0,0,0,0,0,0,0,0,0,0,0,0,0,0,0,0,0,0,0,0,0,0,0,0,0,0,0,0,0,0,0,0,0,0,0,0,0,0,0,0,0,0,0,0,0,0,0,0,0,0,0,0,0,0,0,0,0,0,0,0,0,0,0,0,0,0,0,0,0,0,0,0,0,0,0,0,0,0,0,0,0,0,0,0,0,0,0,0,0,0,0,0,0,0,0,0,0,0,0,0,0,0,0,0,0,0,0,0
0,0.423216112,0.545426589,0.545426589,0.349930183,0.464080974,0.450286508,0.545426589,0,1,0,0.483590167,0.395864828,0,0,0,0.453623794,0.545426589,0.725252173,0.347994601,0.471882348,0.450999404,0.450999404,0.480487531,0.703679754,0,0.405602657,0.548301404,0,0.743249792,0,0.381753065,0,0,0.480487531,0.400975238,0.445148803,0.545426589,0.614802155,0,0,0.545426589,0.464080974,0,0.411667988,0.462452168,0.497840014,0.545426589,0.701426518,0.430109359,0,0.337549587,0.545426589,0.448772099,0.450999404,0.545426589,0.545426589,0.464080974,0,0.355751204,0.4354371,0.372533367,0.505490799,0.450999404,0,0,0.497840014,0.545426589,0.464080974,0,0,0.548301404,0.399737933,0.480487531,0.445148803,0.533236831,0,0.450999404,0,0,0.417266635,0,0.458321279,0.450999404,0.42822531,0.515732441,0.445148803,0,0,0.593794204,0.545426589,0.464080974,0.450999404,0.342020966,0.39280185,0.515732441,0,0.450999404,0,0,0.445148803,0.497840014,0.405138951,0.635972561,0,0.427395685,0,0,0.416997749,0.545426589,0.386049789,0.545426589,0,0.497840014,0.545426589,0.323307855,0,0.450999404,0.464080974,0.429961038,0.467330421,0.359847548,0,0.341318812,0.464080974,0.542371857,0.448772099,0,0.365157536,0,0.425137195,0.466301644,0.475122334,0.497840014,0,0,0.450999404,0,0,0.545426589,0.464080974,0.464080974,0.464080974,0,0.464080974,0,0.441673375,0,0.429961038,0.548301404,0,0.921561969,0.464080974,0.37838437,0.448772099,0.515732441,0.407947123,0.464080974,0.597345772,0.548301404,0.379629388,0.497840014,0.471708117,0.497840014,0.417865573,0.450999404,0,0,0.639571347,0.725252173,0,0.480487531,0.515732441,0.30499265,0,0.425137195,0.419587669,0.480487531,0.465017521,0.68750044,0.512732114,0.478513028,0.470000639,0,0.497840014,0.548301404,0.480487531,0.480487531,0.497840014,0.450999404,0.464537542,0.464080974,0.316675092,0,0.327678686,0.555956277,0.424043373,0.354681764,0,0.480487531,0.445148803,0,0.390166545,0.411461204,0.427255272,0.545426589,0.545426589,0.37192349,0.446606429,0.548301404,0.545426589,0,0,0.497840014,0.548301404,0.480487531,0.338183636,0.545426589,0.515732441,0.355556697,0.341572398,0.475122334,0,0.480487531,0.545426589,0.409793307,0.475122334,0.403979822,0.480487531,0.438118269,0,0.545426589,0.438536886,0.488076279,0.330607148,0,0.497840014,0.545426589,0.395167007,0
0,0,0,0,0,0,0,0,0,0,1,0,0,0,0,0,0,0,0,0,0,0,0,0,0,0,0,0,0,0,0,0,0,0,0,0,0,0,0,0,0,0,0,0,0,0,0,0,0,0,0,0,0,0,0,0,0,0,0,0,0,0,0,0,0,0,0,0,0,0,0,0,0,0,0,0,0,0,0,0,0,0,0,0,0,0,0,0,0,0,0,0,0,0,0,0,0,0,0,0,0,0,0,0,0,0,0,0,0,0,0,0,0,0,0,0,0,0,0,0,0,0,0,0,0,0,0,0,0,0,0,0,0,0,0,0,0,0,0,0,0,0,0,0,0,0,0,0,0,0,0,0,0,0,0,0,0,0,0,0,0,0,0,0,0,0,0,0,0,0,0,0,0,0,0,0,0,0,0,0,0,0,0,0,0,0,0,0,0,0,0,0,0,0,0,0,0,0,0,0,0,0,0,0,0,0,0,0,0,0,0,0,0,0,0,0,0,0,0,0,0,0,0,0,0,0,0,0,0,0,0,0,0,0,0,0,0,0,0,0
0,0.860730336,0.522027901,0.522027901,0.758818328,0.760201667,0.788555417,0.522027901,0,0.483590167,0,1,0.74668573,0,0,0,0.634143819,0.522027901,0.507431511,0.719289698,0.776346148,0.759500688,0.759500688,0.609302006,0.491977122,0,0.744879993,0.72433129,0,0.518269591,0,0.740290961,0,0,0.609302006,0.72897862,0.762383247,0.522027901,0.479049163,0,0,0.522027901,0.760201667,0,0.761655551,0.627655335,0.495626215,0.522027901,0.494140655,0.642753404,0,0.73582799,0.522027901,0.750115207,0.759500688,0.522027901,0.522027901,0.760201667,0,0.684820316,0.76156382,0.750750597,0.735830401,0.759500688,0,0,0.775404708,0.522027901,0.802128715,0,0,0.72433129,0.793128756,0.808452647,0.762383247,0.518269591,0,0.759500688,0,0,0.78337441,0,0.841616253,0.759500688,0.719905265,0.727421193,0.762383247,0,0,0.634250412,0.522027901,0.760201667,0.759500688,0.755715982,0.721923795,0.507431511,0,0.759500688,0,0,0.762383247,0.775404708,0.787631222,0.48879455,0,0.74367235,0,0,0.749820313,0.522027901,0.730355154,0.522027901,0,0.495626215,0.522027901,0.658926809,0,0.759500688,0.760201667,0.744349049,0.70645401,0.698304028,0,0.757085499,0.760201667,0.580840703,0.750115207,0,0.708780419,0,0.744078529,0.765403686,0.963316722,0.775404708,0,0,0.759500688,0,0,0.522027901,0.760201667,0.760201667,0.802128715,0,0.760201667,0,0.752934444,0,0.744349049,0.72433129,0,0.507431511,0.760201667,0.748459005,0.587383316,0.727421193,0.729447142,0.802128715,0.57894565,0.72433129,0.778573077,0.775404708,0.890892068,0.619501129,0.554048693,0.759500688,0,0,0.642530568,0.507431511,0,0.834161096,0.727421193,0.703146697,0,0.744078529,0.756096874,0.808452647,0.731102416,0.479332622,0.506474267,0.77318906,0.710636388,0,0.775404708,0.72433129,0.847248895,0.808452647,0.775404708,0.759500688,0.767432839,0.760201667,0.717457008,0,0.662626514,0.57937246,0.75065441,0.74899759,0,0.847248895,0.762383247,0,0.734498519,0.82068082,0.916410208,0.522027901,0.522027901,0.725168885,0.768920922,0.72433129,0.522027901,0,0,0.720815384,0.72433129,0.768962082,0.716937005,0.522027901,0.507431511,0.743297192,0.748996309,0.872703508,0,0.847248895,0.522027901,0.750785041,0.963316722,0.733597246,0.609302006,0.790213925,0,0.522027901,0.925775949,0.863918075,0.751142464,0,0.775404708,0.522027901,0.731638367,0
0,0.715408884,0.396376838,0.396376838,0.789050045,0.736139384,0.822158467,0.396376838,0,0.395864828,0,0.74668573,1,0,0,0,0.495858894,0.396376838,0.405260884,0.745181145,0.715069698,0.737139448,0.737139448,0.499336078,0.401648935,0,0.770402552,0.632001402,0,0.408417681,0,0.738329775,0,0,0.499336078,0.810062609,0.739211287,0.396376838,0.403195654,0,0,0.396376838,0.703768561,0,0.763573848,0.585356405,0.400899098,0.396376838,0.39989104,0.516094469,0,0.737871175,0.396376838,0.762630985,0.706791801,0.396376838,0.396376838,0.703768561,0,0.77586286,0.739971824,0.781547127,0.508007684,0.737139448,0,0,0.710053973,0.396376838,0.703768561,0,0,0.632001402,0.785088753,0.707864257,0.783730813,0.408417681,0,0.737139448,0,0,0.772644789,0,0.712859456,0.737139448,0.732511869,0.640900588,0.70886364,0,0,0.705634666,0.396376838,0.703768561,0.706791801,0.799303871,0.766901684,0.405260884,0,0.737139448,0,0,0.783730813,0.710053973,0.782243982,0.407829729,0,0.784418406,0,0,0.781916389,0.396376838,0.727280135,0.396376838,0,0.400899098,0.396376838,0.701509956,0,0.706791801,0.736139384,0.698751413,0.634875621,0.710056611,0,0.815657077,0.783626879,0.417100624,0.786807143,0,0.778061821,0,0.71614549,0.734221268,0.758012097,0.710053973,0,0,0.737139448,0,0,0.396376838,0.783553103,0.783626879,0.703768561,0,0.703768561,0,0.733041611,0,0.698751413,0.632001402,0,0.405260884,0.703768561,0.749818109,0.490875455,0.640900588,0.810177088,0.703768561,0.493186688,0.632001402,0.757345333,0.710053973,0.725399346,0.603270367,0.485029921,0.706791801,0,0,0.648399966,0.405260884,0,0.707864257,0.640900588,0.750276905,0,0.71614549,0.78321401,0.707864257,0.665781498,0.398503044,0.414807876,0.712859736,0.637803285,0,0.710053973,0.632001402,0.707864257,0.707864257,0.710053973,0.781658974,0.739122977,0.703768561,0.760459678,0,0.745471946,0.60616715,0.827757156,0.821992983,0,0.707864257,0.70886364,0,0.766029989,0.726509887,0.778416124,0.396376838,0.396376838,0.788736215,0.741920968,0.632001402,0.396376838,0,0,0.639508097,0.632001402,0.738225223,0.738748729,0.396376838,0.405260884,0.760265442,0.743060087,0.758012097,0,0.707864257,0.396376838,0.781802656,0.758012097,0.838808654,0.499336078,0.701685976,0,0.396376838,0.816547946,0.699767577,0.785974983,0,0.737666703,0.396376838,0.694819816,0
0,0,0,0,0,0,0,0,0,0,0,0,0,1,0,0,0,0,0,0,0,0,0,0,0,0,0,0,0,0,0,0,0,0,0,0,0,0,0,0,0,0,0,0,0,0,0,0,0,0,0,0,0,0,0,0,0,0,0,0,0,0,0,0,0,0,0,0,0,0,0,0,0,0,0,0,0,0,0,0,0,0,0,0,0,0,0,0,0,0,0,0,0,0,0,0,0,0,0,0,0,0,0,0,0,0,0,0,0,0,0,0,0,0,0,0,0,0,0,0,0,0,0,0,0,0,0,0,0,0,0,0,0,0,0,0,0,0,0,0,0,0,0,0,0,0,0,0,0,0,0,0,0,0,0,0,0,0,0,0,0,0,0,0,0,0,0,0,0,0,0,0,0,0,0,0,0,0,0,0,0,0,0,0,0,0,0,0,0,0,0,0,0,0,0,0,0,0,0,0,0,0,0,0,0,0,0,0,0,0,0,0,0,0,0,0,0,0,0,0,0,0,0,0,0,0,0,0,0,0,0,0,0,0,0,0,0,0,0,0
0,0,0,0,0,0,0,0,0,0,0,0,0,0,1,0,0,0,0,0,0,0,0,0,0,0,0,0,0,0,0,0,0,0,0,0,0,0,0,0,0,0,0,0,0,0,0,0,0,0,0,0,0,0,0,0,0,0,0,0,0,0,0,0,0,0,0,0,0,0,0,0,0,0,0,0,0,0,0,0,0,0,0,0,0,0,0,0,0,0,0,0,0,0,0,0,0,0,0,0,0,0,0,0,0,0,0,0,0,0,0,0,0,0,0,0,0,0,0,0,0,0,0,0,0,0,0,0,0,0,0,0,0,0,0,0,0,0,0,0,0,0,0,0,0,0,0,0,0,0,0,0,0,0,0,0,0,0,0,0,0,0,0,0,0,0,0,0,0,0,0,0,0,0,0,0,0,0,0,0,0,0,0,0,0,0,0,0,0,0,0,0,0,0,0,0,0,0,0,0,0,0,0,0,0,0,0,0,0,0,0,0,0,0,0,0,0,0,0,0,0,0,0,0,0,0,0,0,0,0,0,0,0,0,0,0,0,0,0,0
0,0,0,0,0,0,0,0,0,0,0,0,0,0,0,1,0,0,0,0,0,0,0,0,0,0,0,0,0,0,0,0,0,0,0,0,0,0,0,0,0,0,0,0,0,0,0,0,0,0,0,0,0,0,0,0,0,0,0,0,0,0,0,0,0,0,0,0,0,0,0,0,0,0,0,0,0,0,0,0,0,0,0,0,0,0,0,0,0,0,0,0,0,0,0,0,0,0,0,0,0,0,0,0,0,0,0,0,0,0,0,0,0,0,0,0,0,0,0,0,0,0,0,0,0,0,0,0,0,0,0,0,0,0,0,0,0,0,0,0,0,0,0,0,0,0,0,0,0,0,0,0,0,0,0,0,0,0,0,0,0,0,0,0,0,0,0,0,0,0,0,0,0,0,0,0,0,0,0,0,0,0,0,0,0,0,0,0,0,0,0,0,0,0,0,0,0,0,0,0,0,0,0,0,0,0,0,0,0,0,0,0,0,0,0,0,0,0,0,0,0,0,0,0,0,0,0,0,0,0,0,0,0,0,0,0,0,0,0,0
0,0.507664856,0.481187644,0.481187644,0.353241247,0.442662063,0.555936923,0.481187644,0,0.453623794,0,0.634143819,0.495858894,0,0,0,1,0.481187644,0.475342114,0.351450365,0.448513093,0.434500751,0.434500751,0.738897016,0.462452168,0,0.400745991,0.49166938,0,0.484851987,0,0.381260751,0,0,0.738897016,0.504221958,0.429979832,0.481187644,0.454096898,0,0,0.481187644,0.442662063,0,0.581147922,0.44494241,0.464663713,0.481187644,0.463095622,0.610359606,0,0.41177721,0.481187644,0.432018107,0.434500751,0.481187644,0.481187644,0.442662063,0,0.433258834,0.423555481,0.444676845,0.650149684,0.434500751,0,0,0.464663713,0.481187644,0.442662063,0,0,0.49166938,0.502175288,0.453623794,0.429979832,0.484851987,0,0.434500751,0,0,0.409793307,0,0.439293673,0.434500751,0.575281231,0.475342114,0.429979832,0,0,0.545415799,0.481187644,0.442662063,0.434500751,0.440518877,0.482627957,0.475342114,0,0.434500751,0,0,0.429979832,0.464663713,0.40036509,0.463151064,0,0.417189361,0,0,0.409279265,0.481187644,0.384816812,0.481187644,0,0.464663713,0.481187644,0.388448719,0,0.434500751,0.442662063,0.419220265,0.445099149,0.396472812,0,0.398355973,0.442662063,0.553069494,0.432018107,0,0.456268683,0,0.757490703,0.445373951,0.584560648,0.464663713,0,0,0.434500751,0,0,0.481187644,0.442662063,0.442662063,0.442662063,0,0.442662063,0,0.427919452,0,0.419220265,0.49166938,0,0.475342114,0.442662063,0.508186872,0.886282751,0.475342114,0.402038765,0.442662063,0.686097113,0.49166938,0.514981161,0.464663713,0.565565611,0.641317042,0.666929648,0.434500751,0,0,0.426394176,0.475342114,0,0.453623794,0.475342114,0.339404785,0,0.757490703,0.411667988,0.453623794,0.446973314,0.452017449,0.479150418,0.453486104,0.447101812,0,0.464663713,0.49166938,0.453623794,0.453623794,0.464663713,0.434500751,0.444029873,0.442662063,0.355774615,0,0.473299349,0.666243019,0.414535448,0.357505998,0,0.453623794,0.429979832,0,0.388206343,0.486076649,0.522304118,0.481187644,0.481187644,0.372876701,0.431780103,0.49166938,0.481187644,0,0,0.464663713,0.49166938,0.453623794,0.395748297,0.481187644,0.475342114,0.358343116,0.345409162,0.584560648,0,0.453623794,0.481187644,0.697085716,0.584560648,0.399061651,0.629432917,0.425137195,0,0.481187644,0.5385372,0.599544984,0.334657841,0,0.464663713,0.481187644,0.392277063,0
0,0.430544611,1,1,0.341685445,0.510866878,0.474451246,1,0,0.545426589,0,0.522027901,0.396376838,0,0,0,0.481187644,1,0.637562762,0.339647779,0.523869167,0.482143377,0.482143377,0.545426589,0.566393978,0,0.409732258,0.779900332,0,0.700438484,0,0.378583747,0,0,0.545426589,0.4028204,0.47310154,1,0.515732441,0,0,1,0.510866878,0,0.416997749,0.494090652,0.586929637,1,0.582897404,0.442888384,0,0.333041384,1,0.481694087,0.482143377,1,1,0.510866878,0,0.352229581,0.454607091,0.36839748,0.601138238,0.482143377,0,0,0.586929637,1,0.510866878,0,0,0.779900332,0.401329519,0.545426589,0.47310154,0.700438484,0,0.482143377,0,0,0.426612441,0,0.496972775,0.482143377,0.43446589,0.637562762,0.47310154,0,0,0.465603854,1,0.510866878,0.482143377,0.334781735,0.392672407,0.637562762,0,0.482143377,0,0,0.47310154,0.586929637,0.409104891,0.539444003,0,0.442854254,0,0,0.426895876,1,0.38369409,1,0,0.586929637,1,0.32066057,0,0.482143377,0.510866878,0.446603616,0.516282622,0.331790013,0,0.334745898,0.510866878,0.690841594,0.481694087,0,0.358997983,0,0.436161339,0.509741359,0.515732441,0.586929637,0,0,0.482143377,0,0,1,0.510866878,0.510866878,0.510866878,0,0.510866878,0,0.465559003,0,0.446603616,0.779900332,0,0.637562762,0.510866878,0.375997024,0.481694087,0.637562762,0.413966411,0.510866878,0.497840014,0.779900332,0.376676409,0.586929637,0.500885367,0.586929637,0.425853391,0.482143377,0,0,0.447103536,0.637562762,0,0.545426589,0.637562762,0.299710899,0,0.436161339,0.429861888,0.545426589,0.497840014,0.523692707,0.591952111,0.534920301,0.520732985,0,0.586929637,0.779900332,0.545426589,0.545426589,0.586929637,0.482143377,0.506918796,0.510866878,0.312087348,0,0.323965223,0.46525558,0.437954721,0.347090727,0,0.545426589,0.47310154,0,0.38898689,0.415363223,0.438372989,1,1,0.366189934,0.472958583,0.779900332,1,0,0,0.586929637,0.779900332,0.545426589,0.333951853,1,0.637562762,0.347887613,0.333086497,0.515732441,0,0.545426589,1,0.414560664,0.515732441,0.408010903,0.545426589,0.460226343,0,1,0.455274923,0.539444003,0.322695276,0,0.586929637,1,0.395588636,0
0,0.434230258,0.637562762,0.637562762,0.354425301,0.494090652,0.470427446,0.637562762,0,0.725252173,0,0.507431511,0.405260884,0,0,0,0.475342114,0.637562762,1,0.352263602,0.503092236,0.475263581,0.475263581,0.515732441,0.958690068,0,0.418610713,0.618122238,0,0.810889388,0,0.390103806,0,0,0.515732441,0.410749843,0.468632901,0.637562762,0.772713295,0,0,0.637562762,0.494090652,0,0.423555481,0.48520912,0.539444003,0.637562762,0.867881158,0.445451386,0,0.339284562,0.637562762,0.474451246,0.475263581,0.637562762,0.637562762,0.494090652,0,0.358265207,0.455015809,0.378448527,0.54848584,0.475263581,0,0,0.539444003,0.637562762,0.494090652,0,0,0.618122238,0.409793307,0.515732441,0.468632901,0.591952111,0,0.475263581,0,0,0.432871747,0,0.485364595,0.475263581,0.436831106,0.565075315,0.468632901,0,0,0.713815517,0.637562762,0.494090652,0.475263581,0.345127472,0.397303078,0.565075315,0,0.475263581,0,0,0.468632901,0.539444003,0.418102844,0.74113794,0,0.446028346,0,0,0.433439935,0.637562762,0.395802432,0.637562762,0,0.539444003,0.637562762,0.323969926,0,0.475263581,0.494090652,0.448895505,0.497840014,0.358448892,0,0.344099609,0.494090652,0.597042614,0.474451246,0,0.371166253,0,0.440005683,0.494485012,0.500885367,0.539444003,0,0,0.475263581,0,0,0.637562762,0.494090652,0.494090652,0.494090652,0,0.494090652,0,0.463255288,0,0.448895505,0.618122238,0,0.782528286,0.494090652,0.383471174,0.474451246,0.565075315,0.423383685,0.494090652,0.74391433,0.618122238,0.386333104,0.539444003,0.491977122,0.539444003,0.431397164,0.475263581,0,0,0.711110472,1,0,0.515732441,0.565075315,0.30567788,0,0.440005683,0.4354371,0.515732441,0.488076279,0.929182974,0.550226582,0.510743022,0.500921034,0,0.539444003,0.618122238,0.515732441,0.515732441,0.539444003,0.475263581,0.492468895,0.494090652,0.317582845,0,0.328735634,0.623453806,0.442281644,0.359576832,0,0.515732441,0.468632901,0,0.400701195,0.420651084,0.441640472,0.637562762,0.637562762,0.379546113,0.468804973,0.618122238,0.637562762,0,0,0.539444003,0.618122238,0.515732441,0.339850276,0.637562762,0.565075315,0.360647205,0.345111633,0.500885367,0,0.515732441,0.637562762,0.421524577,0.500885367,0.418186322,0.515732441,0.459255793,0,0.637562762,0.455488767,0.517284041,0.332975958,0,0.539444003,0.637562762,0.406635092,0
0,0.733868654,0.339647779,0.339647779,0.872701572,0.782658767,0.719371733,0.339647779,0,0.347994601,0,0.719289698,0.745181145,0,0,0,0.351450365,0.339647779,0.352263602,1,0.778006059,0.808427163,0.808427163,0.347994601,0.352295603,0,0.891390864,0.660702881,0,0.353071365,0,0.814194086,0,0,0.347994601,0.732140371,0.812953817,0.339647779,0.358073628,0,0,0.339647779,0.77812373,0,0.735843738,0.637573101,0.35044432,0.339647779,0.34970154,0.348697484,0,0.746012526,0.339647779,0.745032961,0.834556942,0.339647779,0.339647779,0.77812373,0,0.775569329,0.807375466,0.821247392,0.353061694,0.808427163,0,0,0.790622007,0.339647779,0.750201296,0,0,0.660702881,0.751577299,0.754437397,0.816703694,0.353071365,0,0.808427163,0,0,0.823128574,0,0.755942394,0.808427163,0.671683407,0.696545703,0.778464973,0,0,0.574844639,0.339647779,0.77812373,0.821144854,0.805915468,0.711082278,0.352263602,0,0.808427163,0,0,0.816703694,0.777622703,0.848094667,0.360530018,0,0.760503601,0,0,0.813094283,0.339647779,0.846664549,0.339647779,0,0.35044432,0.339647779,0.673777998,0,0.834556942,0.782658767,0.836176826,0.688997564,0.755448431,0,0.815157527,0.818274387,0.360903413,0.819833916,0,0.74658124,0,0.733765464,0.82625791,0.726707792,0.757276481,0,0,0.808427163,0,0,0.339647779,0.750201296,0.818274387,0.750201296,0,0.810095035,0,0.80958406,0,0.836176826,0.660702881,0,0.352263602,0.77812373,0.75052157,0.342080916,0.696545703,0.733543167,0.750201296,0.356370384,0.660702881,0.774546615,0.757276481,0.70369812,0.35044432,0.344361995,0.834556942,0,0,0.72304379,0.352263602,0,0.754437397,0.696545703,0.8097298,0,0.733765464,0.859525916,0.754437397,0.716626499,0.352324482,0.363398643,0.785602412,0.699733072,0,0.757276481,0.660702881,0.754437397,0.754437397,0.790622007,0.834804504,0.811665629,0.774479414,0.787584052,0,0.633255908,0.356619199,0.807570471,0.850248365,0,0.754437397,0.808913835,0,0.874926862,0.734086101,0.753457934,0.339647779,0.339647779,0.775302518,0.862628133,0.660702881,0.339647779,0,0,0.700799072,0.660702881,0.78540258,0.741776504,0.339647779,0.352263602,0.858872244,0.844414917,0.726707792,0,0.754437397,0.339647779,0.716174046,0.726707792,0.795084046,0.347994601,0.77195213,0,0.339647779,0.782414552,0.67751765,0.860383305,0,0.786232548,0.339647779,0.784520727,0
0,0.715599182,0.523869167,0.523869167,0.794547039,0.871455286,0.776521938,0.523869167,0,0.471882348,0,0.776346148,0.715069698,0,0,0,0.448513093,0.523869167,0.503092236,0.778006059,1,0.858198077,0.858198077,0.471882348,0.483064955,0,0.815857057,0.854349385,0,0.518084577,0,0.824935795,0,0,0.471882348,0.689873326,0.861881347,0.523869167,0.468611147,0,0,0.523869167,0.871455286,0,0.766541892,0.674996298,0.487380711,0.523869167,0.485364595,0.42683021,0,0.658542733,0.523869167,0.85185789,0.901151211,0.523869167,0.523869167,0.871455286,0,0.647470581,0.893849286,0.814101061,0.494485012,0.858198077,0,0,0.907981358,0.523869167,0.871455286,0,0,0.854349385,0.714439028,0.890552747,0.909594717,0.518084577,0,0.858198077,0,0,0.829531392,0,0.928688914,0.858198077,0.612034065,0.838624928,0.909594717,0,0,0.577419222,0.523869167,0.871455286,0.858198077,0.712481379,0.667438703,0.503092236,0,0.858198077,0,0,0.909594717,0.969327119,0.870391015,0.480483696,0,0.828542915,0,0,0.873010399,0.523869167,0.790756092,0.523869167,0,0.487380711,0.523869167,0.59459333,0,0.901151211,0.871455286,0.829388789,0.790254801,0.65570315,0,0.743278173,0.871455286,0.527682466,0.85185789,0,0.676265919,0,0.698342727,0.87164298,0.79914041,0.907981358,0,0,0.858198077,0,0,0.523869167,0.871455286,0.871455286,0.871455286,0,0.871455286,0,0.844709275,0,0.829388789,0.854349385,0,0.503092236,0.871455286,0.693146434,0.443044904,0.838624928,0.806889298,0.871455286,0.459337134,0.854349385,0.759667409,0.969327119,0.739523668,0.487380711,0.415207342,0.901151211,0,0,0.685091369,0.503092236,0,0.890552747,0.838624928,0.693108407,0,0.698342727,0.83607569,0.890552747,0.773339933,0.467749974,0.502649468,0.942178781,0.795744171,0,0.969327119,0.854349385,0.890552747,0.890552747,0.907981358,0.858198077,0.874268943,0.871455286,0.685091172,0,0.562172198,0.44267364,0.83727049,0.796183561,0,0.890552747,0.909594717,0,0.798019371,0.707959365,0.782254907,0.523869167,0.523869167,0.778665351,0.864902721,0.854349385,0.523869167,0,0,0.821716778,0.854349385,0.890552747,0.667384059,0.523869167,0.503092236,0.788087821,0.817344937,0.79914041,0,0.890552747,0.523869167,0.716415248,0.79914041,0.808462509,0.471882348,0.841361313,0,0.523869167,0.781991001,0.740522859,0.765530626,0,0.907981358,0.523869167,0.911089815,0
0,0.737583628,0.482143377,0.482143377,0.845876304,0.972460046,0.759661192,0.482143377,0,0.450999404,0,0.759500688,0.737139448,0,0,0,0.434500751,0.482143377,0.475263581,0.808427163,0.858198077,1,1,0.450999404,0.46086641,0,0.888224918,0.818412164,0,0.486126398,0,0.912555929,0,0,0.450999404,0.730227847,0.953743024,0.482143377,0.452017449,0,0,0.482143377,0.839362849,0,0.818136579,0.700731942,0.463255288,0.482143377,0.461491186,0.416641526,0,0.686902039,0.482143377,0.823517413,0.880212523,0.482143377,0.482143377,0.839362849,0,0.681937119,0.980480894,0.830566678,0.469471551,1,0,0,0.867311608,0.482143377,0.839362849,0,0,0.818412164,0.793771038,0.85432576,0.882511783,0.486126398,0,1,0,0,0.877530163,0,0.847058821,1,0.691280886,0.854553388,0.833955548,0,0,0.580408065,0.482143377,0.839362849,0.864373699,0.764130944,0.699317607,0.475263581,0,1,0,0,0.882511783,0.867311608,0.857543113,0.461873059,0,0.836853041,0,0,0.928806438,0.482143377,0.913320211,0.482143377,0,0.463255288,0.482143377,0.616336865,0,0.880212523,0.972460046,0.863669261,0.829043825,0.683138913,0,0.789979392,0.893314222,0.496575114,0.87872665,0,0.671204159,0,0.689441237,0.947580792,0.778519738,0.867311608,0,0,1,0,0,0.482143377,0.839362849,0.893314222,0.839362849,0,0.839362849,0,0.993246368,0,0.863669261,0.818412164,0,0.475263581,0.839362849,0.727376368,0.427395685,0.854553388,0.787387912,0.839362849,0.444340787,0.818412164,0.759528286,0.867311608,0.726971643,0.463255288,0.40625697,0.880212523,0,0,0.740657047,0.475263581,0,0.85432576,0.854553388,0.733295195,0,0.689441237,0.906583015,0.85432576,0.756002063,0.449500222,0.479508119,0.891996023,0.85290051,0,0.867311608,0.818412164,0.85432576,0.85432576,0.867311608,0.912929934,0.942090795,0.839362849,0.710046515,0,0.595121783,0.431266231,0.858262783,0.870665725,0,0.85432576,0.833955548,0,0.915289728,0.795084807,0.856198849,0.482143377,0.482143377,0.872262348,0.92715737,0.818412164,0.482143377,0,0,0.87457819,0.818412164,0.906117996,0.681719031,0.482143377,0.475263581,0.871972089,0.839063558,0.778519738,0,0.85432576,0.482143377,0.707188221,0.778519738,0.830106109,0.450999404,0.863930953,0,0.482143377,0.804886577,0.790931381,0.824376602,0,0.915633884,0.482143377,0.827449946,0
