1,0.30182,0.37491,0.1217,0.079134,0.15452,0.54536,0.53208,0.33334,0.46963,0.3434,0.55437,0.064656,0.098319,0.30182,0.31787,0.51528,0.51384,0.29755,0.37968,0.082392,0.082392,0.064656,0.3304,0.29633,0.22608,0.24775,0.28852,0.18991,0.24775,0.36003,0.24775,0.059772,0.29327,0.29568,0.56176,0.23819,0.36285,0.53477,0.53149,0.098319,0.4456,0.30595,0.30595,0.43794,0.3851,0.54078,0.40155,0.53381,0.39967,0.52471,0.064656,0.071807,0.37591,0.37861,0.40382,0.35203,0.53208,0.14544,0.53208,0.14885,0.53502,0.51292,0.24775,0.51795,0.15963,0.39638,0.5164,0.064656,0.24775,0.53755,0.33334,0.15963,0.34501,0.26622,0.26622,0.43169,0.36456,0.45387,0.53835,0.27659,0.49265,0.098319,0.071807,0.10123,0.064656,0.24775,0.098319,0.098319,0.65139,0.47764,0.26622,0.52522,0.56176,0.071807,0.082392,0.34501,0.071807,0.26622,0.29327,0.32061,0.54049,0.33245,0.33063,0.29327,0.10645,0.15546,0.47347,0.51388,0.58418,0.49265,0.3201,0.5153,0.36668,0.082392
0.30182,1,0.3719,0.064287,0.032259,0.088585,0.49494,0.28196,0.30405,0.30317,0.062517,0.41943,0.026218,0.054521,0.59681,0.19639,0.43016,0.43281,0.58917,0.1946,0.041172,0.041172,0.026218,0.59681,0.16484,0.054521,0.16307,0.061447,0.054521,0.16307,0.21083,0.61587,0.022082,0.23822,0.23459,0.47983,0.11365,0.22707,0.33612,0.28759,0.054521,0.23426,0.047399,0.047399,0.026218,0.50325,0.30405,0.37757,0.34088,0.25627,0.24787,0.026218,0.032259,0.20305,0.18896,0.22982,0.24368,0.28196,0.074963,0.58243,0.048956,0.39786,0.32982,0.16307,0.33913,0.074963,0.23044,0.35295,0.026218,0.16307,0.36395,0.30405,0.074963,0.22707,0.26641,0.19361,0.37623,0.40983,0.062777,0.63066,0.1923,0.37351,0.054521,0.032259,0.048956,0.026218,0.16307,0.054521,0.054521,0.35307,0.27678,0.19361,0.27644,0.47983,0.032259,0.041172,0.22707,0.032259,0.19361,0.23822,0.38294,0.24982,0.21077,0.23822,0.23822,0.054521,0.054521,0.34036,0.24883,0.27286,0.37351,0.21944,0.39674,0.27644,0.041172
0.37491,0.3719,1,0.10976,0.094212,0.13274,0.53785,0.39929,0.31423,0.48481,0.089385,0.4404,0.072893,0.12157,0.23309,0.26281,0.458,0.50939,0.22766,0.32742,0.098576,0.098576,0.072893,0.2851,0.28803,0.076232,0.19255,0.11128,0.079337,0.19255,0.27081,0.34129,0.065805,0.25739,0.29409,0.45815,0.16399,0.44413,0.40706,0.40344,0.072092,0.3337,0.091894,0.091894,0.041738,0.4569,0.41516,0.62974,0.47151,0.33611,0.39373,0.041738,0.083259,0.35762,0.22808,0.32842,0.24858,0.40908,0.094097,0.50142,0.0703,0.53258,0.4387,0.19255,0.37759,0.094097,0.29734,0.59615,0.072893,0.19255,0.41307,0.31423,0.094097,0.30211,0.21889,0.21889,0.39406,0.39179,0.087501,0.50445,0.27436,0.42736,0.12157,0.048205,0.095305,0.072893,0.19255,0.12157,0.12157,0.45473,0.35628,0.21889,0.40692,0.45815,0.083259,0.057759,0.30211,0.083259,0.21889,0.25739,0.46163,0.45617,0.30806,0.2731,0.25739,0.13635,0.072092,0.40571,0.45417,0.42455,0.42736,0.25974,0.40785,0.32744,0.098576
0.1217,0.064287,0.10976,1,0.090651,0.14048,0.086592,0.080533,0.078113,0.088702,0.11106,0.13772,0.077216,0.13595,0.064287,0.12943,0.077366,0.077811,0.063021,0.1518,0.10822,0.10822,0.077216,0.064287,0.10726,0.10018,0.055937,0.1191,0.10382,0.055937,0.070508,0.055937,0.069277,0.06774,0.085851,0.15617,0.10379,0.069546,0.10481,0.07918,0.093709,0.10947,0.099992,0.099992,0.060728,0.24548,0.081925,0.07559,0.087663,0.077774,0.079841,0.060728,0.089732,0.10199,0.07918,0.10864,0.093709,0.080533,0.11773,0.080533,0.090877,0.082629,0.094523,0.055937,0.092948,0.11773,0.14267,0.078444,0.077216,0.055937,0.12346,0.078113,0.11773,0.069546,0.060728,0.060728,0.075789,0.067002,0.10704,0.12369,0.12256,0.16267,0.13595,0.06774,0.10165,0.077216,0.055937,0.13595,0.13595,0.1422,0.099952,0.060728,0.077326,0.15617,0.089732,0.078113,0.069546,0.089732,0.060728,0.06774,0.081503,0.085561,0.4395,0.0714,0.06774,0.13921,0.093709,0.075289,0.076538,0.097359,0.16267,0.06828,0.1063,0.077326,0.10822
0.079134,0.032259,0.094212,0.090651,1,0.36211,0.047006,0.044548,0.04762,0.15189,0.069574,0.096442,0.14418,0.14898,0.032259,0.12707,0.039039,0.039409,0.031197,0.10996,0.21283,0.21283,0.078342,0.032259,0.099332,0.061343,0.028013,0.095389,0.061343,0.028013,0.034653,0.028013,0.068032,0.038462,0.070662,0.11577,0.06064,0.036911,0.067779,0.04533,0.061343,0.066941,0.28833,0.28833,0.032259,0.16183,0.04762,0.038236,0.045036,0.040973,0.039805,0.032259,0.44423,0.079499,0.04533,0.066271,0.061343,0.044548,0.082379,0.044548,0.055623,0.044117,0.054691,0.028013,0.051381,0.082379,0.08598,0.039939,0.14418,0.028013,0.082171,0.04762,0.082379,0.036911,0.032259,0.032259,0.036764,0.031551,0.069849,0.082365,0.12135,0.14067,0.14898,0.038462,0.34851,0.14418,0.028013,0.14898,0.14898,0.10834,0.077941,0.032259,0.04378,0.11577,1,0.04762,0.036911,0.44423,0.032259,0.038462,0.23754,0.045585,0.094983,0.038462,0.038462,0.14898,0.061343,0.036346,0.039939,0.0539,0.14067,0.03585,0.062679,0.04378,0.11565
0.15452,0.088585,0.13274,0.14048,0.36211,1,0.11677,0.10795,0.10137,0.28145,0.14293,0.16976,0.1319,0.14835,0.088585,0.14804,0.1065,0.10701,0.087151,0.17897,0.18464,0.18464,0.097687,0.088585,0.12926,0.12995,0.077089,0.14498,0.13639,0.077089,0.097724,0.077089,0.090429,0.09,0.11055,0.18775,0.1003,0.09434,0.13478,0.10497,0.11852,0.14652,0.48449,0.48449,0.082326,0.19165,0.10809,0.10398,0.12086,0.10577,0.11029,0.082326,0.33474,0.12745,0.10497,0.22108,0.11852,0.10795,0.14504,0.10795,0.11783,0.11196,0.12638,0.077089,0.12539,0.14504,0.15557,0.10773,0.1319,0.077089,0.15534,0.10137,0.14504,0.09434,0.082326,0.082326,0.10543,0.093887,0.13562,0.1556,0.14021,0.18636,0.14835,0.09,0.29567,0.1319,0.077089,0.14835,0.14835,0.17211,0.14121,0.082326,0.10287,0.18775,0.33474,0.10137,0.09434,0.70526,0.082326,0.09,0.40535,0.11602,0.13152,0.096442,0.09,0.14851,0.11852,0.10486,0.10437,0.13058,0.18636,0.092907,0.13975,0.10287,0.12405
0.54536,0.49494,0.53785,0.086592,0.047006,0.11677,1,0.50566,0.35677,0.49486,0.087599,0.53156,0.038577,0.068513,0.25509,0.34186,0.75731,0.75697,0.25102,0.30999,0.054381,0.054381,0.038577,0.46432,0.28489,0.072528,0.23121,0.086028,0.076041,0.21807,0.29234,0.44976,0.034212,0.29198,0.31899,0.55726,0.22676,0.3813,0.57883,0.52207,0.068513,0.41012,0.06804,0.06804,0.038577,0.5061,0.53086,0.52558,0.59256,0.40787,0.65251,0.038577,0.044957,0.38296,0.26441,0.47473,0.48136,0.54971,0.090199,0.71848,0.067616,0.73795,0.55725,0.23121,0.53261,0.090199,0.38152,0.64345,0.038577,0.21807,0.50017,0.35677,0.090199,0.49118,0.2481,0.46272,0.67274,0.61917,0.08574,0.67154,0.2663,0.49843,0.068513,0.044957,0.067616,0.038577,0.23121,0.068513,0.068513,0.5952,0.48798,0.2481,0.66867,0.55726,0.044957,0.054381,0.49118,0.044957,0.2481,0.29198,0.45559,0.57706,0.30442,0.29944,0.29198,0.070771,0.068513,0.44357,0.61289,0.62215,0.49843,0.28941,0.6052,0.37831,0.054381
0.53208,0.28196,0.39929,0.080533,0.044548,0.10795,0.50566,1,0.68151,0.48997,0.079293,0.51022,0.037434,0.067203,0.28196,0.25457,0.53688,0.66486,0.27545,0.27993,0.053151,0.053151,0.037434,0.35056,0.28646,0.068612,0.24438,0.078222,0.069551,0.24438,0.3104,0.24438,0.033092,0.32331,0.55344,0.54986,0.16389,0.43308,0.4478,0.61554,0.067203,0.32563,0.062263,0.062263,0.037434,0.34634,0.62961,0.36583,0.4448,0.41804,0.63219,0.037434,0.04378,0.38531,0.27007,0.39223,0.30036,0.60393,0.088761,0.57535,0.063286,0.69416,0.43617,0.24438,0.39514,0.088761,0.30469,0.56113,0.037434,0.24438,0.46669,0.68151,0.088761,0.37852,0.27644,0.27644,0.48585,0.38161,0.079243,0.4965,0.27293,0.45417,0.067203,0.04378,0.063286,0.037434,0.24438,0.067203,0.067203,0.5933,0.41342,0.30374,0.64032,0.54986,0.04378,0.053151,0.37852,0.04378,0.27644,0.32331,0.32048,0.61975,0.44355,0.32898,0.32331,0.068048,0.067203,0.4556,0.76758,0.55331,0.45417,0.31294,0.47818,0.65102,0.053151
0.33334,0.30405,0.31423,0.078113,0.04762,0.10137,0.35677,0.68151,1,0.43078,0.077345,0.49935,0.041172,0.07143,0.30405,0.23664,0.3467,0.51509,0.29319,0.22482,0.057144,0.057144,0.041172,0.30405,0.224,0.07143,0.27148,0.075252,0.07143,0.27148,0.31658,0.27148,0.036762,0.35167,0.68039,0.5732,0.15414,0.33579,0.37939,0.39855,0.07143,0.27303,0.061906,0.061906,0.041172,0.33966,0.422,0.29051,0.35927,0.36075,0.35599,0.041172,0.04762,0.27469,0.25349,0.31944,0.31925,0.39251,0.09336,0.39251,0.063493,0.58329,0.3439,0.27148,0.33049,0.09336,0.23075,0.3546,0.041172,0.27148,0.43678,1,0.09336,0.33579,0.30405,0.30405,0.45783,0.29754,0.075964,0.43862,0.25825,0.40594,0.07143,0.04762,0.063493,0.041172,0.27148,0.07143,0.07143,0.41951,0.34187,0.30405,0.38268,0.5732,0.04762,0.057144,0.33579,0.04762,0.30405,0.35167,0.24625,0.49656,0.4704,0.35167,0.35167,0.07143,0.07143,0.27747,0.35123,0.43095,0.40594,0.32494,0.45137,0.76802,0.057144
0.46963,0.30317,0.48481,0.088702,0.15189,0.28145,0.49486,0.48997,0.43078,1,0.13575,0.45574,0.057604,0.082222,0.31046,0.2466,0.56243,0.55172,0.22449,0.37126,0.083827,0.083827,0.044437,0.28077,0.31617,0.066659,0.19344,0.15868,0.067613,0.19344,0.26636,0.26781,0.038923,0.43364,0.40153,0.45689,0.15408,0.42811,0.50103,0.39539,0.065704,0.42323,0.28069,0.28069,0.036111,0.39835,0.40178,0.42748,0.57216,0.36974,0.4302,0.036111,0.12266,0.37417,0.41315,0.36998,0.24759,0.40793,0.087128,0.45322,0.06406,0.68564,0.51177,0.19344,0.48352,0.1138,0.34663,0.53521,0.057604,0.19344,0.4308,0.43078,0.1138,0.46263,0.21979,0.21979,0.50728,0.36293,0.1072,0.49269,0.29812,0.43192,0.082222,0.042421,0.13492,0.057604,0.19344,0.082222,0.082222,0.46994,0.46752,0.21979,0.40665,0.45689,0.12266,0.051737,0.30324,0.23381,0.21979,0.25831,0.5159,0.50297,0.52205,0.2668,0.2996,0.088291,0.065704,0.41297,0.42755,0.59446,0.43192,0.25951,0.57124,0.44162,0.06439
0.3434,0.062517,0.089385,0.11106,0.069574,0.14293,0.087599,0.079293,0.077345,0.13575,1,0.14293,0.060028,0.092876,0.062517,0.095712,0.077131,0.077487,0.061673,0.12617,0.077345,0.077345,0.060028,0.062517,0.087085,0.6647,0.055255,0.38218,0.76008,0.055255,0.069361,0.055255,0.055255,0.067013,0.076948,0.15504,0.067494,0.068338,0.10335,0.078184,0.092876,0.11307,0.75441,0.75441,0.23972,0.12961,0.080014,0.075724,0.09064,0.077379,0.07928,0.060028,0.067013,0.087242,0.19377,0.11758,0.092876,0.079293,0.25697,0.079293,0.55872,0.081199,0.092959,0.055255,0.14773,0.16173,0.45027,0.077994,0.060028,0.055255,0.132,0.077345,0.16173,0.068338,0.060028,0.060028,0.075856,0.064996,0.26848,0.13216,0.091126,0.14752,0.092876,0.067013,0.091126,0.060028,0.055255,0.092876,0.092876,0.13664,0.099768,0.060028,0.076948,0.15504,0.067013,0.077345,0.068338,0.067013,0.060028,0.067013,0.069361,0.086664,0.089431,0.069574,0.067013,0.095712,0.65399,0.22956,0.076452,0.10358,0.14752,0.067494,0.12814,0.076948,0.077345
0.55437,0.41943,0.4404,0.13772,0.096442,0.16976,0.53156,0.51022,0.49935,0.45574,0.14293,1,0.082326,0.11852,0.45302,0.43405,0.50492,0.49562,0.41303,0.34068,0.10137,0.10137,0.082326,0.41943,0.43298,0.12995,0.37176,0.13832,0.13639,0.37176,0.45546,0.37176,0.077089,0.49302,0.40135,0.83914,0.32709,0.44968,0.54502,0.50387,0.11852,0.43427,0.11991,0.11991,0.082326,0.46247,0.51781,0.46833,0.5329,0.57537,0.54892,0.082326,0.09,0.40475,0.36178,0.51947,0.5297,0.51022,0.14504,0.51022,0.11783,0.53347,0.51385,0.37176,0.49166,0.14504,0.43474,0.49882,0.082326,0.37176,0.69429,0.49935,0.14504,0.48972,0.3993,0.3993,0.53281,0.43529,0.13562,0.69542,0.50267,0.66613,0.11852,0.09,0.11783,0.082326,0.37176,0.11852,0.11852,0.67394,0.48292,0.3993,0.49447,0.83914,0.09,0.10137,0.44968,0.09,0.3993,0.43962,0.37462,0.52714,0.41262,0.45907,0.83914,0.12567,0.11852,0.42573,0.48959,0.60306,0.66613,0.44327,0.65672,0.49447,0.10137
0.064656,0.026218,0.072893,0.077216,0.14418,0.1319,0.038577,0.037434,0.041172,0.057604,0.060028,0.082326,1,0.13241,0.026218,0.10645,0.031626,0.032036,0.024839,0.081424,0.47553,0.47553,0.063672,0.026218,0.077393,0.054521,0.022082,0.079029,0.054521,0.022082,0.027807,0.022082,0.053629,0.032259,0.056172,0.10736,0.046505,0.030245,0.055839,0.038201,0.054521,0.056252,0.096012,0.096012,0.026218,0.126,0.041172,0.030513,0.036738,0.033408,0.032804,0.026218,0.14418,0.06042,0.038201,0.052401,0.054521,0.037434,0.074963,0.037434,0.0471,0.037194,0.044144,0.022082,0.041494,0.074963,0.072394,0.032627,0.30281,0.022082,0.066553,0.041172,0.074963,0.030245,0.026218,0.026218,0.029428,0.025391,0.058715,0.066789,0.099026,0.12406,0.13241,0.032259,0.11429,1,0.022082,0.13241,0.13241,0.091155,0.060019,0.026218,0.036187,0.10736,0.14418,0.041172,0.030245,0.14418,0.026218,0.032259,0.072574,0.03727,0.074808,0.032259,0.032259,0.13241,0.054521,0.028977,0.0322,0.04325,0.12406,0.028867,0.050628,0.036187,0.09999
0.098319,0.054521,0.12157,0.13595,0.14898,0.14835,0.068513,0.067203,0.07143,0.082222,0.092876,0.11852,0.13241,1,0.054521,0.69553,0.060635,0.061102,0.052967,0.17068,0.17347,0.17347,0.13241,0.054521,0.13376,0.086582,0.049858,0.13207,0.086582,0.049858,0.056317,0.049858,0.12108,0.061343,0.11208,0.14711,0.10117,0.059069,0.16637,0.068068,0.086582,0.12685,0.11399,0.11399,0.054521,0.18238,0.07143,0.05938,0.067369,0.062649,0.061967,0.054521,0.14898,0.32902,0.068068,0.084364,0.086582,0.067203,0.10989,0.067203,0.078169,0.066931,0.11366,0.049858,0.12187,0.10989,0.11326,0.061768,0.13241,0.049858,0.10055,0.07143,0.10989,0.059069,0.054521,0.054521,0.058155,0.053589,0.091435,0.10081,0.68711,0.7157,1,0.061343,0.12818,0.13241,0.049858,0.21027,0.21027,0.40336,0.15801,0.054521,0.065794,0.14711,0.14898,0.07143,0.059069,0.14898,0.054521,0.061343,0.091371,0.067033,0.12727,0.061343,0.061343,0.73676,0.086582,0.057644,0.061285,0.073893,0.18922,0.057515,0.082313,0.065794,0.17347
0.30182,0.59681,0.23309,0.064287,0.032259,0.088585,0.25509,0.28196,0.30405,0.31046,0.062517,0.45302,0.026218,0.054521,1,0.19639,0.31571,0.24501,0.58917,0.1946,0.041172,0.041172,0.026218,0.59681,0.20962,0.054521,0.16307,0.061447,0.054521,0.16307,0.21083,0.16307,0.022082,0.45575,0.23459,0.47983,0.11365,0.22707,0.27262,0.28759,0.054521,0.24681,0.047399,0.047399,0.026218,0.25286,0.30405,0.18788,0.32951,0.29008,0.26631,0.026218,0.032259,0.20305,0.18896,0.25518,0.24368,0.28196,0.074963,0.28196,0.048956,0.36269,0.32272,0.16307,0.28392,0.074963,0.23044,0.24883,0.026218,0.16307,0.36395,0.30405,0.074963,0.39022,0.26641,0.19361,0.24629,0.18852,0.062777,0.36535,0.25948,0.37351,0.054521,0.032259,0.048956,0.026218,0.16307,0.054521,0.054521,0.35307,0.24282,0.19361,0.27644,0.47983,0.032259,0.041172,0.22707,0.032259,0.19361,0.23822,0.16163,0.24982,0.41955,0.23822,0.32779,0.054521,0.054521,0.18354,0.24883,0.30694,0.37351,0.21944,0.32572,0.27644,0.041172
0.31787,0.19639,0.26281,0.12943,0.12707,0.14804,0.34186,0.25457,0.23664,0.2466,0.095712,0.43405,0.10645,0.69553,0.19639,1,0.24606,0.24788,0.19118,0.29075,0.13946,0.13946,0.10645,0.19639,0.22416,0.086582,0.16518,0.12763,0.086582,0.16518,0.21998,0.16518,0.097342,0.20323,0.22583,0.48735,0.28705,0.21334,0.39122,0.24602,0.086582,0.30553,0.10851,0.10851,0.054521,0.31932,0.25729,0.38219,0.28924,0.24524,0.25827,0.054521,0.11977,0.43267,0.1728,0.24224,0.45512,0.25457,0.10989,0.25457,0.080272,0.26661,0.32661,0.16518,0.31246,0.10989,0.26391,0.25049,0.10645,0.16518,0.38894,0.23664,0.10989,0.21334,0.18063,0.18063,0.24107,0.20868,0.09605,0.38988,0.63708,0.82874,0.69553,0.061343,0.11778,0.10645,0.16518,0.16904,0.16904,0.64791,0.33562,0.18063,0.2384,0.48735,0.11977,0.07143,0.21334,0.11977,0.18063,0.20323,0.20864,0.33202,0.25091,0.22096,0.20323,0.57421,0.086582,0.20972,0.24016,0.37667,0.43387,0.20813,0.32761,0.2384,0.13946
0.51528,0.43016,0.458,0.077366,0.039039,0.1065,0.75731,0.53688,0.3467,0.56243,0.077131,0.50492,0.031626,0.060635,0.31571,0.24606,1,0.8166,0.23829,0.27002,0.046948,0.046948,0.031626,0.55328,0.31208,0.063034,0.20228,0.076177,0.065133,0.20228,0.28343,0.38085,0.027391,0.47415,0.30851,0.51359,0.15247,0.40477,0.55407,0.55719,0.060635,0.39522,0.058801,0.058801,0.031626,0.46731,0.56598,0.45552,0.60756,0.39892,0.61506,0.031626,0.037814,0.40397,0.25148,0.53202,0.271,0.55593,0.081615,0.69153,0.059008,0.84139,0.55435,0.20228,0.50195,0.081615,0.34847,0.59541,0.031626,0.20228,0.4662,0.3467,0.081615,0.74108,0.23355,0.23355,0.60757,0.65642,0.07656,0.6212,0.28486,0.45832,0.060635,0.037814,0.059008,0.031626,0.20228,0.060635,0.060635,0.56133,0.52658,0.23355,0.756,0.51359,0.037814,0.046948,0.57054,0.037814,0.23355,0.27925,0.43274,0.49395,0.44249,0.2883,0.31536,0.061985,0.060635,0.4196,0.68276,0.6243,0.45832,0.27828,0.66676,0.37211,0.046948
0.51384,0.43281,0.50939,0.077811,0.039409,0.10701,0.75697,0.66486,0.51509,0.55172,0.077487,0.49562,0.032036,0.061102,0.24501,0.24788,0.8166,1,0.24094,0.33096,0.047387,0.047387,0.032036,0.55279,0.28659,0.063397,0.20525,0.076573,0.065405,0.20525,0.28561,0.38382,0.027794,0.28236,0.45585,0.51619,0.15412,0.54825,0.56966,0.55667,0.061102,0.40516,0.059164,0.059164,0.032036,0.46958,0.56546,0.6037,0.59596,0.38059,0.60245,0.032036,0.038236,0.40362,0.25421,0.51674,0.27309,0.55547,0.082124,0.69107,0.059416,0.82822,0.53325,0.20525,0.51302,0.082124,0.35013,0.72618,0.032036,0.20525,0.46822,0.51509,0.082124,0.57027,0.23658,0.23658,0.67683,0.65603,0.077005,0.62322,0.256,0.46059,0.061102,0.038236,0.059416,0.032036,0.20525,0.061102,0.061102,0.56002,0.51795,0.23658,0.75548,0.51619,0.038236,0.047387,0.57027,0.038236,0.23658,0.28236,0.55451,0.70358,0.40255,0.29103,0.28236,0.062393,0.061102,0.50671,0.78724,0.66487,0.46059,0.281,0.65339,0.51684,0.047387
0.29755,0.58917,0.22766,0.063021,0.031197,0.087151,0.25102,0.27545,0.29319,0.22449,0.061673,0.41303,0.024839,0.052967,0.58917,0.19118,0.23829,0.24094,1,0.22071,0.039702,0.039702,0.024839,0.58917,0.15961,0.053589,0.15308,0.060434,0.053938,0.36673,0.45528,0.15308,0.020729,0.22777,0.22645,0.47129,0.10891,0.21923,0.27235,0.27945,0.052967,0.24281,0.046466,0.046466,0.024839,0.24743,0.29591,0.18369,0.30708,0.25084,0.24491,0.024839,0.030844,0.19898,0.18112,0.22575,0.23673,0.27545,0.073275,0.27545,0.04779,0.27422,0.26544,0.15308,0.32889,0.073275,0.22678,0.24476,0.024839,0.36673,0.4413,0.29319,0.073275,0.21923,0.25623,0.18343,0.2835,0.18343,0.061511,0.36022,0.18446,0.3671,0.052967,0.030844,0.04779,0.024839,0.15308,0.052967,0.052967,0.34941,0.25407,0.18343,0.2683,0.47129,0.030844,0.039702,0.21923,0.030844,0.32216,0.40622,0.15654,0.2462,0.20612,0.54628,0.22777,0.053356,0.052967,0.21892,0.2434,0.35768,0.3671,0.61911,0.27382,0.2683,0.039702
0.37968,0.1946,0.32742,0.1518,0.10996,0.17897,0.30999,0.27993,0.22482,0.37126,0.12617,0.34068,0.081424,0.17068,0.1946,0.29075,0.27002,0.33096,0.22071,1,0.12873,0.12873,0.074201,0.20839,0.24551,0.076933,0.12716,0.15104,0.081945,0.16132,0.23711,0.12716,0.066483,0.16471,0.24497,0.33591,0.30334,0.23708,0.48943,0.24676,0.078979,0.59928,0.1711,0.1711,0.042599,0.43614,0.24823,0.26616,0.52533,0.22162,0.2891,0.091916,0.10092,0.379,0.18631,0.26314,0.21609,0.25417,0.095299,0.25417,0.14228,0.29288,0.58413,0.12716,0.52941,0.10026,0.4606,0.32003,0.088373,0.16132,0.35125,0.22482,0.10026,0.18199,0.16159,0.14241,0.29645,0.18018,0.10045,0.34329,0.2723,0.39914,0.17068,0.12022,0.1682,0.081424,0.12716,0.12719,0.12719,0.44163,0.51055,0.14241,0.24577,0.33591,0.10092,0.071975,0.18199,0.13096,0.15878,0.18629,0.29803,0.38617,0.35793,0.22192,0.16471,0.17559,0.07314,0.29427,0.2967,0.47504,0.3568,0.19678,0.38161,0.23349,0.10216
0.082392,0.041172,0.098576,0.10822,0.21283,0.18464,0.054381,0.053151,0.057144,0.083827,0.077345,0.10137,0.47553,0.17347,0.041172,0.13946,0.046948,0.047387,0.039702,0.12873,1,1,0.09999,0.041172,0.10715,0.07143,0.036762,0.10702,0.07143,0.036762,0.042869,0.036762,0.089279,0.04762,0.085708,0.12825,0.075393,0.045471,0.076278,0.053969,0.07143,0.07674,0.13856,0.13856,0.041172,0.15568,0.057144,0.045761,0.05291,0.04885,0.048206,0.041172,0.21283,0.083096,0.053969,0.069254,0.07143,0.053151,0.09336,0.053151,0.063493,0.052895,0.061698,0.036762,0.058657,0.09336,0.093771,0.048017,0.7205,0.036762,0.084461,0.057144,0.09336,0.045471,0.041172,0.041172,0.044603,0.04029,0.075964,0.084711,0.13152,0.1584,0.17347,0.04762,0.1657,0.47553,0.036762,0.17347,0.17347,0.11696,0.082323,0.041172,0.05182,0.12825,0.21283,0.057144,0.045471,0.21283,0.041172,0.04762,0.10895,0.052984,0.1025,0.04762,0.04762,0.17347,0.07143,0.04412,0.047561,0.059419,0.1584,0.044001,0.067338,0.05182,0.13878
0.082392,0.041172,0.098576,0.10822,0.21283,0.18464,0.054381,0.053151,0.057144,0.083827,0.077345,0.10137,0.47553,0.17347,0.041172,0.13946,0.046948,0.047387,0.039702,0.12873,1,1,0.09999,0.041172,0.10715,0.07143,0.036762,0.10702,0.07143,0.036762,0.042869,0.036762,0.089279,0.04762,0.085708,0.12825,0.075393,0.045471,0.076278,0.053969,0.07143,0.07674,0.13856,0.13856,0.041172,0.15568,0.057144,0.045761,0.05291,0.04885,0.048206,0.041172,0.21283,0.083096,0.053969,0.069254,0.07143,0.053151,0.09336,0.053151,0.063493,0.052895,0.061698,0.036762,0.058657,0.09336,0.093771,0.048017,0.7205,0.036762,0.084461,0.057144,0.09336,0.045471,0.041172,0.041172,0.044603,0.04029,0.075964,0.084711,0.13152,0.1584,0.17347,0.04762,0.1657,0.47553,0.036762,0.17347,0.17347,0.11696,0.082323,0.041172,0.05182,0.12825,0.21283,0.057144,0.045471,0.21283,0.041172,0.04762,0.10895,0.052984,0.1025,0.04762,0.04762,0.17347,0.07143,0.04412,0.047561,0.059419,0.1584,0.044001,0.067338,0.05182,0.13878
0.064656,0.026218,0.072893,0.077216,0.078342,0.097687,0.038577,0.037434,0.041172,0.044437,0.060028,0.082326,0.063672,0.13241,0.026218,0.10645,0.031626,0.032036,0.024839,0.074201,0.09999,0.09999,1,0.026218,0.32414,0.054521,0.022082,0.079029,0.054521,0.022082,0.027807,0.022082,0.098695,0.032259,0.68039,0.10736,0.046505,0.030245,0.080404,0.038201,0.054521,0.056252,0.063095,0.063095,0.026218,0.126,0.041172,0.030513,0.047602,0.033408,0.032804,0.026218,0.078342,0.06042,0.038201,0.052401,0.054521,0.037434,0.074963,0.037434,0.0471,0.037194,0.051429,0.022082,0.041494,0.074963,0.072394,0.032627,0.063672,0.022082,0.066553,0.041172,0.074963,0.030245,0.026218,0.026218,0.029428,0.025391,0.058715,0.066789,0.099026,0.12406,0.13241,0.032259,0.070402,0.063672,0.022082,0.13241,0.13241,0.091155,0.049904,0.026218,0.036187,0.10736,0.078342,0.041172,0.030245,0.078342,0.026218,0.032259,0.046241,0.03727,0.074808,0.032259,0.032259,0.13241,0.054521,0.028977,0.0322,0.04325,0.12406,0.028867,0.050628,0.036187,0.09999
0.3304,0.59681,0.2851,0.064287,0.032259,0.088585,0.46432,0.35056,0.30405,0.28077,0.062517,0.41943,0.026218,0.054521,0.59681,0.19639,0.55328,0.55279,0.58917,0.20839,0.041172,0.041172,0.026218,1,0.1938,0.054521,0.16307,0.061447,0.054521,0.16307,0.21083,0.16307,0.022082,0.23822,0.23459,0.47983,0.11365,0.32155,0.31879,0.37333,0.054521,0.27533,0.047399,0.047399,0.026218,0.25286,0.38979,0.25028,0.35185,0.29267,0.43548,0.026218,0.032259,0.27322,0.18896,0.44491,0.24368,0.37239,0.074963,0.35056,0.048956,0.51799,0.32809,0.16307,0.3423,0.074963,0.23044,0.3463,0.026218,0.16307,0.36395,0.30405,0.074963,0.61911,0.26641,0.19361,0.38967,0.49372,0.062777,0.38718,0.1923,0.37351,0.054521,0.032259,0.048956,0.026218,0.16307,0.054521,0.054521,0.39317,0.28899,0.19361,0.6949,0.47983,0.032259,0.041172,0.61911,0.032259,0.19361,0.23822,0.21623,0.3122,0.21077,0.23822,0.23822,0.054521,0.054521,0.21184,0.546,0.39536,0.37351,0.21944,0.39674,0.30374,0.041172
0.29633,0.16484,0.28803,0.10726,0.099332,0.12926,0.28489,0.28646,0.224,0.31617,0.087085,0.43298,0.077393,0.13376,0.20962,0.22416,0.31208,0.28659,0.15961,0.24551,0.10715,0.10715,0.32414,0.1938,1,0.073816,0.12975,0.11223,0.077646,0.12975,0.1979,0.12975,0.11889,0.24406,0.42827,0.35383,0.13063,0.2376,0.45181,0.28323,0.06871,0.31908,0.092882,0.092882,0.038747,0.32156,0.2945,0.2202,0.4181,0.68303,0.57227,0.038747,0.089403,0.49705,0.16506,0.6056,0.18662,0.47021,0.090418,0.28646,0.067482,0.3287,0.39012,0.12975,0.35723,0.090418,0.23939,0.48971,0.077393,0.12975,0.31978,0.224,0.090418,0.26461,0.15016,0.15016,0.36382,0.47858,0.084435,0.50393,0.4652,0.3446,0.13376,0.045133,0.096457,0.077393,0.12975,0.13376,0.13376,0.50897,0.3749,0.15016,0.28636,0.35383,0.089403,0.054565,0.21122,0.089403,0.15016,0.17998,0.39053,0.28784,0.29893,0.19732,0.3356,0.14651,0.06871,0.32696,0.2824,0.46123,0.3446,0.18446,0.34407,0.46932,0.10715
0.22608,0.054521,0.076232,0.10018,0.061343,0.12995,0.072528,0.068612,0.07143,0.066659,0.6647,0.12995,0.054521,0.086582,0.054521,0.086582,0.063034,0.063397,0.053589,0.076933,0.07143,0.07143,0.054521,0.054521,0.073816,1,0.049858,0.097072,0.72394,0.049858,0.057753,0.049858,0.049858,0.061343,0.068048,0.14711,0.059046,0.059979,0.08176,0.069413,0.086582,0.080889,0.48445,0.48445,0.32315,0.11226,0.07143,0.062393,0.069312,0.065158,0.063544,0.054521,0.061343,0.072165,0.069413,0.098307,0.086582,0.068612,0.26688,0.068612,0.56706,0.068056,0.07147,0.049858,0.075509,0.10989,0.4177,0.063915,0.054521,0.049858,0.11607,0.07143,0.10989,0.059979,0.054521,0.054521,0.060568,0.053855,0.2805,0.11624,0.081534,0.135,0.086582,0.061343,0.081534,0.054521,0.049858,0.086582,0.086582,0.11851,0.078354,0.054521,0.068048,0.14711,0.061343,0.07143,0.059979,0.061343,0.054521,0.061343,0.057753,0.070943,0.075223,0.061343,0.061343,0.086582,0.69348,0.06015,0.064183,0.082507,0.135,0.059046,0.093112,0.068048,0.07143
0.24775,0.16307,0.19255,0.055937,0.028013,0.077089,0.23121,0.24438,0.27148,0.19344,0.055255,0.37176,0.022082,0.049858,0.16307,0.16518,0.20228,0.20525,0.15308,0.12716,0.036762,0.036762,0.022082,0.16307,0.12975,0.049858,1,0.05333,0.049858,0.13309,0.1746,0.13309,0.018022,0.20687,0.18835,0.45421,0.089475,0.19227,0.2376,0.24995,0.049858,0.16057,0.041123,0.041123,0.022082,0.21583,0.27148,0.15849,0.23112,0.36393,0.29438,0.022082,0.028013,0.16484,0.15017,0.19153,0.22283,0.4303,0.069899,0.4303,0.042576,0.24265,0.22258,1,0.18545,0.069899,0.17736,0.20953,0.022082,0.13309,0.30693,0.27148,0.069899,0.19227,0.16307,0.25505,0.19657,0.15708,0.05396,0.30864,0.15454,0.31943,0.049858,0.028013,0.042576,0.022082,1,0.049858,0.049858,0.30784,0.23575,0.16307,0.23535,0.45421,0.028013,0.036762,0.19227,0.028013,0.16307,0.20687,0.13007,0.21292,0.17243,0.20687,0.20687,0.049858,0.049858,0.14981,0.20644,0.23009,0.31943,0.18228,0.22953,0.23535,0.036762
0.28852,0.061447,0.11128,0.1191,0.095389,0.14498,0.086028,0.078222,0.075252,0.15868,0.38218,0.13832,0.079029,0.13207,0.061447,0.12763,0.076177,0.076573,0.060434,0.15104,0.10702,0.10702,0.079029,0.061447,0.11223,0.097072,0.05333,1,0.10135,0.05333,0.068546,0.05333,0.071305,0.065,0.088769,0.15231,0.078187,0.066992,0.11808,0.076677,0.090661,0.14773,0.42799,0.42799,0.058068,0.16989,0.078874,0.074475,0.089442,0.076188,0.078744,0.058068,0.090324,0.10403,0.24205,0.11221,0.090661,0.078222,0.11439,0.078222,0.089005,0.080634,0.097058,0.05333,0.14761,0.38263,0.12838,0.077136,0.079029,0.05333,0.12634,0.075252,0.38263,0.066992,0.058068,0.058068,0.07496,0.064585,0.3211,0.12653,0.12213,0.16559,0.13207,0.065,0.1045,0.079029,0.05333,0.13207,0.13207,0.14658,0.10419,0.058068,0.075194,0.15231,0.090324,0.075252,0.066992,0.090324,0.058068,0.065,0.083017,0.085157,0.11275,0.068475,0.065,0.14035,0.090661,0.25477,0.075128,0.099911,0.16559,0.065979,0.19226,0.075194,0.16533
0.18991,0.054521,0.079337,0.10382,0.061343,0.13639,0.076041,0.069551,0.07143,0.067613,0.76008,0.13639,0.054521,0.086582,0.054521,0.086582,0.065133,0.065405,0.053938,0.081945,0.07143,0.07143,0.054521,0.054521,0.077646,0.72394,0.049858,0.10135,1,0.049858,0.05883,0.049858,0.049858,0.061343,0.069316,0.14711,0.059908,0.060491,0.089021,0.070169,0.086582,0.087353,0.46037,0.46037,0.22778,0.12271,0.07143,0.064857,0.074498,0.06704,0.065121,0.054521,0.061343,0.075769,0.070169,0.11051,0.086582,0.069551,0.26688,0.069551,0.50899,0.068976,0.076298,0.049858,0.081309,0.10989,0.41621,0.065794,0.054521,0.049858,0.12641,0.07143,0.10989,0.060491,0.054521,0.054521,0.062896,0.054055,0.21305,0.12653,0.083427,0.13954,0.086582,0.061343,0.083427,0.054521,0.049858,0.086582,0.086582,0.12631,0.085993,0.054521,0.069316,0.14711,0.061343,0.07143,0.060491,0.061343,0.054521,0.061343,0.05883,0.074552,0.078321,0.061343,0.061343,0.086582,0.57294,0.062567,0.066357,0.092196,0.13954,0.059908,0.10391,0.069316,0.07143
0.24775,0.16307,0.19255,0.055937,0.028013,0.077089,0.21807,0.24438,0.27148,0.19344,0.055255,0.37176,0.022082,0.049858,0.16307,0.16518,0.20228,0.20525,0.36673,0.16132,0.036762,0.036762,0.022082,0.16307,0.12975,0.049858,0.13309,0.05333,0.049858,1,0.74379,0.13309,0.018022,0.20687,0.18835,0.45421,0.089475,0.19227,0.2419,0.24995,0.049858,0.17245,0.041123,0.041123,0.022082,0.21583,0.27148,0.15849,0.21679,0.2152,0.21082,0.022082,0.028013,0.16484,0.15017,0.19153,0.22283,0.24438,0.069899,0.24438,0.042576,0.24265,0.2006,0.13309,0.2102,0.069899,0.17736,0.20953,0.022082,1,0.42526,0.27148,0.069899,0.19227,0.16307,0.16307,0.37855,0.15708,0.05396,0.30864,0.15454,0.31943,0.049858,0.028013,0.042576,0.022082,0.13309,0.049858,0.049858,0.30784,0.22724,0.16307,0.23535,0.45421,0.028013,0.036762,0.19227,0.028013,0.38643,0.49022,0.13007,0.21292,0.17243,0.64896,0.20687,0.049858,0.049858,0.19923,0.20644,0.25341,0.31943,0.38133,0.22953,0.23535,0.036762
0.36003,0.21083,0.27081,0.070508,0.034653,0.097724,0.29234,0.3104,0.31658,0.26636,0.069361,0.45546,0.027807,0.056317,0.21083,0.21998,0.28343,0.28561,0.45528,0.23711,0.042869,0.042869,0.027807,0.21083,0.1979,0.057753,0.1746,0.068546,0.05883,0.74379,1,0.1746,0.023643,0.25028,0.2692,0.48974,0.1309,0.24827,0.41158,0.31116,0.056317,0.2692,0.052524,0.052524,0.027807,0.28607,0.32243,0.21379,0.33354,0.29293,0.28934,0.027807,0.033891,0.24432,0.2165,0.26974,0.2517,0.3104,0.076917,0.3104,0.053342,0.31206,0.31007,0.1746,0.3067,0.076917,0.29426,0.28875,0.027807,0.74379,0.68413,0.31658,0.076917,0.24827,0.20535,0.20535,0.50519,0.21376,0.069474,0.41788,0.21879,0.41834,0.056317,0.033891,0.053342,0.027807,0.1746,0.056317,0.056317,0.40193,0.42054,0.20535,0.30352,0.48974,0.033891,0.042869,0.24827,0.033891,0.55461,0.72385,0.18879,0.28874,0.25009,0.82838,0.25028,0.057155,0.056317,0.41462,0.2872,0.35616,0.41834,0.46292,0.33504,0.30352,0.042869
0.24775,0.61587,0.34129,0.055937,0.028013,0.077089,0.44976,0.24438,0.27148,0.26781,0.055255,0.37176,0.022082,0.049858,0.16307,0.16518,0.38085,0.38382,0.15308,0.12716,0.036762,0.036762,0.022082,0.16307,0.12975,0.049858,0.13309,0.05333,0.049858,0.13309,0.1746,1,0.018022,0.20687,0.18835,0.45421,0.089475,0.19227,0.30719,0.24995,0.049858,0.16743,0.041123,0.041123,0.022082,0.46583,0.27148,0.44225,0.2738,0.2152,0.21082,0.022082,0.028013,0.16484,0.15017,0.19153,0.22283,0.24438,0.069899,0.55688,0.042576,0.36659,0.26324,0.13309,0.25732,0.069899,0.17736,0.31577,0.022082,0.13309,0.30693,0.27148,0.069899,0.19227,0.16307,0.16307,0.32523,0.3728,0.05396,0.57546,0.15454,0.31943,0.049858,0.028013,0.042576,0.022082,0.13309,0.049858,0.049858,0.30784,0.2312,0.16307,0.23535,0.45421,0.028013,0.036762,0.19227,0.028013,0.16307,0.20687,0.34579,0.21292,0.17243,0.20687,0.20687,0.049858,0.049858,0.29588,0.20644,0.23009,0.31943,0.18228,0.33625,0.23535,0.036762
0.059772,0.022082,0.065805,0.069277,0.068032,0.090429,0.034212,0.033092,0.036762,0.038923,0.055255,0.077089,0.053629,0.12108,0.022082,0.097342,0.027391,0.027794,0.020729,0.066483,0.089279,0.089279,0.098695,0.022082,0.11889,0.049858,0.018022,0.071305,0.049858,0.018022,0.023643,0.018022,1,0.028013,0.078051,0.10163,0.038516,0.026036,0.059447,0.033846,0.049858,0.050598,0.055671,0.055671,0.022082,0.11784,0.036762,0.026299,0.033397,0.02914,0.028547,0.022082,0.068032,0.05416,0.033846,0.047754,0.049858,0.033092,0.069899,0.033092,0.042576,0.032857,0.055793,0.018022,0.036754,0.069899,0.066502,0.028374,0.053629,0.018022,0.061622,0.036762,0.069899,0.026036,0.022082,0.022082,0.025234,0.02127,0.05396,0.061855,0.09006,0.1146,0.12108,0.028013,0.061974,0.053629,0.018022,0.12108,0.12108,0.084044,0.044613,0.022082,0.031869,0.10163,0.068032,0.036762,0.026036,0.068032,0.022082,0.028013,0.03965,0.03293,0.067165,0.028013,0.028013,0.12108,0.049858,0.02479,0.027954,0.038787,0.1146,0.024683,0.04602,0.031869,0.089279
0.29327,0.23822,0.25739,0.06774,0.038462,0.09,0.29198,0.32331,0.35167,0.43364,0.067013,0.49302,0.032259,0.061343,0.45575,0.20323,0.47415,0.28236,0.22777,0.16471,0.04762,0.04762,0.032259,0.23822,0.24406,0.061343,0.20687,0.065,0.061343,0.20687,0.25028,0.20687,0.028013,1,0.2452,0.51742,0.12394,0.26877,0.30892,0.32912,0.061343,0.25205,0.052192,0.052192,0.032259,0.2818,0.35167,0.22877,0.34891,0.34332,0.31346,0.032259,0.038462,0.22337,0.20523,0.2958,0.27417,0.32331,0.082379,0.32331,0.053716,0.54887,0.31912,0.20687,0.26656,0.082379,0.20574,0.28684,0.032259,0.20687,0.37603,0.35167,0.082379,0.74607,0.23822,0.23822,0.29067,0.23195,0.065672,0.37782,0.3166,0.36539,0.061343,0.038462,0.053716,0.032259,0.20687,0.061343,0.061343,0.36725,0.30493,0.23822,0.31385,0.51742,0.038462,0.04762,0.26877,0.038462,0.23822,0.28404,0.192,0.28707,0.52076,0.28404,0.44423,0.061343,0.061343,0.21786,0.2836,0.39199,0.36539,0.25832,0.43004,0.31385,0.04762
0.29568,0.23459,0.29409,0.085851,0.070662,0.11055,0.31899,0.55344,0.68039,0.40153,0.076948,0.40135,0.056172,0.11208,0.23459,0.22583,0.30851,0.45585,0.22645,0.24497,0.085708,0.085708,0.68039,0.23459,0.42827,0.068048,0.18835,0.088769,0.069316,0.18835,0.2692,0.18835,0.078051,0.2452,1,0.41792,0.13323,0.25991,0.39931,0.30921,0.065794,0.27924,0.071338,0.071338,0.036187,0.34858,0.32679,0.25489,0.36428,0.30749,0.32737,0.036187,0.068102,0.26453,0.20041,0.29293,0.23101,0.32224,0.087228,0.32224,0.06125,0.50584,0.35073,0.18835,0.32646,0.087228,0.21751,0.31542,0.056172,0.18835,0.37089,0.68039,0.087228,0.25991,0.21144,0.21144,0.41616,0.25232,0.075714,0.37237,0.24204,0.3528,0.11208,0.042499,0.074886,0.056172,0.18835,0.11208,0.11208,0.38721,0.33807,0.21144,0.29731,0.41792,0.068102,0.05182,0.25991,0.068102,0.21144,0.2452,0.22339,0.44745,0.43521,0.27181,0.2452,0.11716,0.065794,0.25384,0.29955,0.41072,0.3528,0.25177,0.42009,0.58631,0.085708
0.56176,0.47983,0.45815,0.15617,0.11577,0.18775,0.55726,0.54986,0.5732,0.45689,0.15504,0.83914,0.10736,0.14711,0.47983,0.48735,0.51359,0.51619,0.47129,0.33591,0.12825,0.12825,0.10736,0.47983,0.35383,0.14711,0.45421,0.15231,0.14711,0.45421,0.48974,0.45421,0.10163,0.51742,0.41792,1,0.37882,0.50489,0.53212,0.5546,0.14711,0.4271,0.13456,0.13456,0.10736,0.48463,0.5732,0.50668,0.5255,0.52469,0.52094,0.10736,0.11577,0.41234,0.38769,0.47529,0.65747,0.54986,0.17637,0.54986,0.13666,0.54834,0.50635,0.45421,0.48144,0.17637,0.42096,0.51985,0.10736,0.45421,0.7385,0.5732,0.17637,0.50489,0.47983,0.47983,0.49993,0.47471,0.15337,0.73992,0.39398,0.7157,0.14711,0.11577,0.13666,0.10736,0.45421,0.14711,0.14711,0.70002,0.4672,0.47983,0.54208,1,0.11577,0.12825,0.50489,0.11577,0.47983,0.51742,0.4019,0.54908,0.40735,0.51742,0.51742,0.14711,0.14711,0.44147,0.51718,0.58802,0.7157,0.49635,0.57413,0.54208,0.12825
0.23819,0.11365,0.16399,0.10379,0.06064,0.1003,0.22676,0.16389,0.15414,0.15408,0.067494,0.32709,0.046505,0.10117,0.11365,0.28705,0.15247,0.15412,0.10891,0.30334,0.075393,0.075393,0.046505,0.11365,0.13063,0.059046,0.089475,0.078187,0.059908,0.089475,0.1309,0.089475,0.038516,0.12394,0.13323,0.37882,1,0.129,0.21461,0.15858,0.057515,0.21091,0.061274,0.061274,0.028867,0.28185,0.16881,0.1854,0.18636,0.15378,0.1619,0.028867,0.058176,0.14582,0.10705,0.15594,0.31863,0.16389,0.078219,0.16389,0.052752,0.17202,0.18798,0.089475,0.17305,0.078219,0.2633,0.1565,0.046505,0.089475,0.2841,0.15414,0.078219,0.129,0.10348,0.10348,0.1467,0.12067,0.066729,0.28496,0.14649,0.31925,0.10117,0.034979,0.064688,0.046505,0.089475,0.10117,0.10117,0.30735,0.17383,0.10348,0.15165,0.37882,0.058176,0.044001,0.129,0.058176,0.10348,0.12394,0.11563,0.21856,0.19148,0.13593,0.12394,0.10615,0.057515,0.12422,0.14916,0.23477,0.31925,0.12426,0.2249,0.15165,0.075393
0.36285,0.22707,0.44413,0.069546,0.036911,0.09434,0.3813,0.43308,0.33579,0.42811,0.068338,0.44968,0.030245,0.059069,0.22707,0.21334,0.40477,0.54825,0.21923,0.23708,0.045471,0.045471,0.030245,0.32155,0.2376,0.059979,0.19227,0.066992,0.060491,0.19227,0.24827,0.19227,0.026036,0.26877,0.25991,0.50489,0.129,1,0.30743,0.46489,0.059069,0.27405,0.052658,0.052658,0.030245,0.28551,0.4818,0.59365,0.40906,0.34292,0.39595,0.030245,0.036394,0.33807,0.21348,0.31823,0.264,0.45995,0.079907,0.43308,0.053918,0.41935,0.3249,0.19227,0.30847,0.079907,0.2449,0.6496,0.030245,0.19227,0.39679,0.33579,0.079907,0.333,0.22335,0.22335,0.42345,0.33333,0.067995,0.42509,0.21691,0.394,0.059069,0.036394,0.053918,0.030245,0.19227,0.059069,0.059069,0.43551,0.27518,0.22335,0.48703,0.50489,0.036394,0.045471,0.333,0.036394,0.22335,0.26877,0.49842,0.57964,0.23932,0.27258,0.26877,0.059638,0.059069,0.39454,0.61847,0.51717,0.394,0.25329,0.32325,0.35022,0.045471
0.53477,0.33612,0.40706,0.10481,0.067779,0.13478,0.57883,0.4478,0.37939,0.50103,0.10335,0.54502,0.055839,0.16637,0.27262,0.39122,0.55407,0.56966,0.27235,0.48943,0.076278,0.076278,0.080404,0.31879,0.45181,0.08176,0.2376,0.11808,0.089021,0.2419,0.41158,0.30719,0.059447,0.30892,0.39931,0.53212,0.21461,0.30743,1,0.45801,0.07582,0.64805,0.088094,0.088094,0.044946,0.53645,0.47314,0.39168,0.79064,0.51348,0.59125,0.044946,0.064088,0.53673,0.32754,0.57755,0.34373,0.49133,0.098235,0.52226,0.077557,0.55338,0.82464,0.2376,0.74652,0.098235,0.4719,0.50676,0.055839,0.2419,0.59047,0.37939,0.098235,0.38029,0.23841,0.24621,0.60537,0.46259,0.098632,0.63063,0.42016,0.59426,0.16637,0.05152,0.086349,0.055839,0.2376,0.094574,0.094574,0.6775,0.81482,0.23841,0.44408,0.53212,0.064088,0.061235,0.41621,0.064088,0.28506,0.36547,0.39039,0.58469,0.41769,0.37884,0.30892,0.16828,0.07582,0.58841,0.44694,0.72315,0.52559,0.3592,0.67861,0.43896,0.15299
0.53149,0.28759,0.40344,0.07918,0.04533,0.10497,0.52207,0.61554,0.39855,0.39539,0.078184,0.50387,0.038201,0.068068,0.28759,0.24602,0.55719,0.55667,0.27945,0.24676,0.053969,0.053969,0.038201,0.37333,0.28323,0.069413,0.24995,0.076677,0.070169,0.24995,0.31116,0.24995,0.033846,0.32912,0.30921,0.5546,0.15858,0.46489,0.45801,1,0.068068,0.32807,0.061793,0.061793,0.038201,0.41738,0.775,0.38103,0.44734,0.42532,0.52909,0.038201,0.044567,0.40982,0.32432,0.43525,0.30422,0.64984,0.0897,0.61554,0.062956,0.57469,0.41588,0.24995,0.40273,0.0897,0.2717,0.58447,0.038201,0.24995,0.4529,0.39855,0.0897,0.39669,0.28211,0.28211,0.3814,0.40197,0.077568,0.48868,0.2647,0.43381,0.068068,0.044567,0.062956,0.038201,0.24995,0.068068,0.068068,0.60154,0.3714,0.28211,0.7068,0.5546,0.044567,0.053969,0.73777,0.044567,0.28211,0.32912,0.33065,0.66843,0.28829,0.33476,0.32912,0.068908,0.068068,0.46124,0.60113,0.5623,0.43381,0.3779,0.48443,0.43118,0.053969
0.098319,0.054521,0.072092,0.093709,0.061343,0.11852,0.068513,0.067203,0.07143,0.065704,0.092876,0.11852,0.054521,0.086582,0.054521,0.086582,0.060635,0.061102,0.052967,0.078979,0.07143,0.07143,0.054521,0.054521,0.06871,0.086582,0.049858,0.090661,0.086582,0.049858,0.056317,0.049858,0.049858,0.061343,0.065794,0.14711,0.057515,0.059069,0.07582,0.068068,1,0.086719,0.076484,0.076484,0.054521,0.098319,0.07143,0.05938,0.065422,0.062649,0.061967,0.13241,0.061343,0.089479,0.068068,0.084364,0.086582,0.067203,0.10989,0.067203,0.12818,0.066931,0.073355,0.049858,0.071057,0.10989,0.098344,0.061768,0.054521,0.049858,0.10055,0.07143,0.10989,0.059069,0.054521,0.054521,0.058155,0.053589,0.091435,0.10081,0.078169,0.12693,0.086582,0.14898,0.16063,0.054521,0.049858,0.086582,0.086582,0.10898,0.080156,0.054521,0.065794,0.14711,0.061343,0.17347,0.059069,0.061343,0.054521,0.061343,0.056317,0.067033,0.071437,0.061343,0.061343,0.086582,0.086582,0.057644,0.061285,0.073893,0.12693,0.057515,0.082313,0.065794,0.07143
0.4456,0.23426,0.3337,0.10947,0.066941,0.14652,0.41012,0.32563,0.27303,0.42323,0.11307,0.43427,0.056252,0.12685,0.24681,0.30553,0.39522,0.40516,0.24281,0.59928,0.07674,0.07674,0.056252,0.27533,0.31908,0.080889,0.16057,0.14773,0.087353,0.17245,0.2692,0.16743,0.050598,0.25205,0.27924,0.4271,0.21091,0.27405,0.64805,0.32807,0.086719,1,0.098722,0.098722,0.045236,0.37932,0.33502,0.30507,0.68188,0.34666,0.42324,0.049657,0.064521,0.42281,0.25619,0.44593,0.26938,0.34261,0.098668,0.32348,0.082267,0.4092,0.7046,0.16057,0.7064,0.13949,0.44515,0.405,0.056252,0.17245,0.45083,0.27303,0.13949,0.30161,0.20856,0.18231,0.3794,0.29978,0.12578,0.46572,0.29803,0.46364,0.12685,0.057168,0.095039,0.056252,0.16057,0.095083,0.095083,0.51974,0.61447,0.17834,0.32938,0.4271,0.064521,0.095344,0.28732,0.064521,0.19752,0.24129,0.30561,0.44632,0.34541,0.25424,0.22948,0.12935,0.076188,0.3863,0.36266,0.60614,0.43244,0.26479,0.55343,0.31811,0.085436
